rank;playerName;expressoNb;profit;totalBuyin;totalJackpot;places1;places2;places3;totalX2;totalX4;totalX6;totalX10;totalX20;totalX50;totalX200;totalX1000;totalX10000;averageBuyin;itmPercent;effectiveRake;totalRake;challengePrize;profitPostChall;miles;milesD3;milesD4;milesD5;milesRedD
1;BetterCallMe;2153;-5125;67225;175700;743;717;693;1673;327;139;11;3;0;0;0;0;31.22;34.51;12.88;4705.75;2250;-2875;18823;75292;84703.5;94115;112938
2;grandparieur;1669;-2075;41725;112700;586;601;482;1271;267;113;14;4;0;0;0;0;25;35.11;9.97;2920.75;1500;-575;11683;46732;52573.5;58415;70098
3;ChildCZ;1303;-475;32575;87150;483;450;370;991;207;96;8;1;0;0;0;0;25;37.07;10.82;2280.25;1000;525;9121;36484;41044.5;45605;54726
4;Le Audrius;1043;2250;52150;152100;377;382;284;785;160;87;9;1;0;1;0;0;50;36.15;2.78;3650.5;750;3000;14602;58408;65709;73010;87612
5;Bambino4;1014;-350;25350;67050;379;339;296;782;150;78;3;1;0;0;0;0;25;37.38;11.83;1774.5;500;150;7098;28392;31941;35490;42588
6;RagazzaBella;875;2550;43750;129700;287;219;369;656;142;64;11;1;0;1;0;0;50;32.8;1.18;3062.5;375;2925;12250;49000;55125;61250;73500
7;COR.Maniac;806;850;20150;54500;320;259;227;608;132;56;10;0;0;0;0;0;25;39.7;9.84;1410.5;375;1225;5642;22568;25389;28210;33852
8;cxin19871026;765;-2650;22150;58100;254;272;239;593;113;55;4;0;0;0;0;0;28.95;33.2;12.57;1550.5;225;-2425;6202;24808;27909;31010;37212
9;1goal1dream;689;-1925;17225;47100;220;285;184;515;114;53;6;1;0;0;0;0;25;31.93;8.85;1205.75;225;-1700;4823;19292;21703.5;24115;28938
10;Owned69_x;653;-1425;16425;44300;210;278;165;492;112;42;6;1;0;0;0;0;25.15;32.16;10.1;1149.75;225;-1200;4599;18396;20695.5;22995;27594
11;Pink_Devil;650;-1300;16250;42750;234;250;166;507;98;39;5;1;0;0;0;0;25;36;12.31;1137.5;150;-1150;4550;18200;20475;22750;27300
12;SharKKutier;546;-100;13650;37100;193;180;173;415;86;40;3;2;0;0;0;0;25;35.35;9.4;955.5;150;50;3822;15288;17199;19110;22932
13;piz55;533;1925;14375;40000;215;168;150;399;82;45;6;1;0;0;0;0;26.97;40.34;7.25;1006.25;150;2075;4025;16100;18112.5;20125;24150
14;Blind_fold;469;-750;16450;45750;164;168;137;345;81;36;5;2;0;0;0;0;35.07;34.97;7.29;1151.5;150;-600;4606;18424;20727;23030;27636
15;megapitch;468;-1300;15150;40150;162;175;131;353;83;30;2;0;0;0;0;0;32.37;34.62;11.66;1060.5;150;-1150;4242;16968;19089;21210;25452
16;Akhym94;451;-1325;18775;50750;157;160;134;359;61;26;4;0;1;0;0;0;41.63;34.81;9.9;1314.25;75;-1250;5257;21028;23656.5;26285;31542
17;karim le bg;441;-425;11875;32000;158;141;142;328;76;36;1;0;0;0;0;0;26.93;35.83;10.18;831.25;75;-350;3325;13300;14962.5;16625;19950
18;_Mosquito_;438;-150;11000;29150;158;152;128;340;60;35;3;0;0;0;0;0;25.11;36.07;11.67;770;75;-75;3080;12320;13860;15400;18480
19;TIREX01;432;-1025;10875;28450;158;141;133;338;65;26;2;1;0;0;0;0;25.17;36.57;12.8;761.25;75;-950;3045;12180;13702.5;15225;18270
20;Le0nArdA;406;75;14725;39100;151;115;140;315;63;24;3;1;0;0;0;0;36.27;37.19;11.49;1030.75;75;150;4123;16492;18553.5;20615;24738
21;Woodshipper1;403;0;10100;29600;136;145;122;290;72;35;5;0;1;0;0;0;25.06;33.75;2.31;707;75;75;2828;11312;12726;14140;16968
22;alinou53;389;-1175;10325;28700;133;118;138;297;60;29;1;1;1;0;0;0;26.54;34.19;7.34;722.75;75;-1100;2891;11564;13009.5;14455;17346
23;Aylov Urwife;382;-1075;14075;36700;139;137;106;294;62;24;2;0;0;0;0;0;36.85;36.39;13.08;985.25;75;-1000;3941;15764;17734.5;19705;23646
24;Thrillerium;369;975;18125;49100;138;102;129;279;56;31;3;0;0;0;0;0;49.12;37.4;9.7;1268.75;75;1050;5075;20300;22837.5;25375;30450
25;30.06.2014;367;-375;9175;24450;130;111;126;282;56;25;4;0;0;0;0;0;25;35.42;11.17;642.25;75;-300;2569;10276;11560.5;12845;15414
26;titouan888;367;-1800;14900;41350;122;103;142;267;73;22;4;1;0;0;0;0;40.6;33.24;7.49;1043;50;-1750;4172;16688;18774;20860;25032
27;Size7;366;-1650;18200;49800;127;119;120;277;52;35;1;1;0;0;0;0;49.73;34.7;8.79;1274;50;-1600;5096;20384;22932;25480;30576
28;lescure4ever;361;-425;9025;23350;127;138;96;284;50;26;1;0;0;0;0;0;25;35.18;13.76;631.75;50;-375;2527;10108;11371.5;12635;15162
29;AAnittt22;360;850;11600;31200;136;91;133;270;57;31;2;0;0;0;0;0;32.22;37.78;10.34;812;50;900;3248;12992;14616;16240;19488
30;DavAtt24;360;-75;17675;49600;131;121;108;266;58;32;3;1;0;0;0;0;49.1;36.39;6.46;1237.25;50;-25;4949;19796;22270.5;24745;29694
32;LeBasilicain;354;625;12975;45300;127;116;111;264;56;29;3;1;0;1;0;0;36.65;35.88;-16.38;908.25;50;675;3633;14532;16348.5;18165;21798
33;Tu_Te_Calm;353;-200;10400;28350;126;134;93;271;49;30;3;0;0;0;0;0;29.46;35.69;9.13;728;50;-150;2912;11648;13104;14560;17472
34;chrismaboul;338;-200;9650;24800;133;89;116;270;41;24;3;0;0;0;0;0;28.55;39.35;14.34;675.5;50;-150;2702;10808;12159;13510;16212
35;Abubekr;336;-200;11800;40400;116;138;82;259;47;27;2;0;0;1;0;0;35.12;34.52;-14.12;826;50;-150;3304;13216;14868;16520;19824
36;Kehan2212;328;-400;9250;25250;116;110;102;239;60;28;1;0;0;0;0;0;28.2;35.37;9.01;647.5;50;-350;2590;10360;11655;12950;15540
37;Katk;321;325;8025;20950;125;91;105;245;56;19;1;0;0;0;0;0;25;38.94;12.98;561.75;50;375;2247;8988;10111.5;11235;13482
38;HOBA;318;175;9575;24300;121;89;108;254;43;19;2;0;0;0;0;0;30.11;38.05;15.4;670.25;50;225;2681;10724;12064.5;13405;16086
39;ChibreAcier7;317;-575;12125;35150;104;122;91;215;65;35;1;0;1;0;0;0;38.25;32.81;3.37;848.75;50;-525;3395;13580;15277.5;16975;20370
40;OhMyGuruuu;315;450;15700;40400;130;99;86;248;43;24;0;0;0;0;0;0;49.84;41.27;14.23;1099;50;500;4396;17584;19782;21980;26376
41;LeZizouFou;309;525;7725;20500;126;105;78;235;49;24;1;0;0;0;0;0;25;40.78;11.54;540.75;50;575;2163;8652;9733.5;10815;12978
42;V1rOgn3;307;450;13500;37350;109;86;112;234;46;24;1;2;0;0;0;0;43.97;35.5;7.78;945;50;500;3780;15120;17010;18900;22680
43;gogepok37;307;-125;7675;20500;116;112;79;235;41;31;0;0;0;0;0;0;25;37.79;10.97;537.25;50;-75;2149;8596;9670.5;10745;12894
44;BisouPartout;304;0;7600;20600;109;89;106;229;48;24;3;0;0;0;0;0;25;35.86;9.65;532;50;50;2128;8512;9576;10640;12768
45;Don Curioso;287;-225;7175;18200;113;97;77;229;41;16;1;0;0;0;0;0;25;39.37;15.45;502.25;50;-175;2009;8036;9040.5;10045;12054
46;CichyGrzmot;284;200;7100;19000;114;92;78;215;48;18;3;0;0;0;0;0;25;40.14;10.8;497;50;250;1988;7952;8946;9940;11928
47;isa127;270;3475;8125;31600;89;103;78;202;46;18;2;0;0;2;0;0;30.09;32.96;-29.64;568.75;50;3525;2275;9100;10237.5;11375;13650
48;PacoRayban;268;1500;9900;30050;85;91;92;186;56;23;2;0;1;0;0;0;36.94;31.72;-1.18;693;50;1550;2772;11088;12474;13860;16632
49;DameOuit;264;700;6850;24150;88;109;67;193;41;26;3;0;0;1;0;0;25.95;33.33;-17.52;479.5;50;750;1918;7672;8631;9590;11508
50;RACHIDdu69;263;-575;6575;16750;89;107;67;212;34;15;2;0;0;0;0;0;25;33.84;15.08;460.25;50;-525;1841;7364;8284.5;9205;11046
51;benyv4501;263;-875;7675;19850;93;88;82;208;40;13;2;0;0;0;0;0;29.18;35.36;13.79;537.25;25;-850;2149;8596;9670.5;10745;12894
52;mercibobich;254;-50;6400;17250;98;93;63;192;40;20;2;0;0;0;0;0;25.2;38.58;10.16;448;25;-25;1792;7168;8064;8960;10752
53;caouic;249;-25;12225;34100;91;79;79;184;38;24;3;0;0;0;0;0;49.1;36.55;7.02;855.75;25;0;3423;13692;15403.5;17115;20538
54;01sharky01;248;-150;6200;16450;92;73;83;188;43;15;2;0;0;0;0;0;25;37.1;11.56;434;25;-125;1736;6944;7812;8680;10416
55;kiki21000;246;0;6150;16650;88;96;62;196;35;14;0;0;1;0;0;0;25;35.77;9.76;430.5;25;25;1722;6888;7749;8610;10332
56;rutox69;242;-150;7600;20150;88;57;97;187;38;14;3;0;0;0;0;0;31.4;36.36;11.62;532;25;-125;2128;8512;9576;10640;12768
57;cunbrejnaca;241;525;6025;16150;97;74;70;184;40;13;4;0;0;0;0;0;25;40.25;10.65;421.75;25;550;1687;6748;7591.5;8435;10122
58;jayjay34990;239;200;6800;18550;89;67;83;174;50;12;3;0;0;0;0;0;28.45;37.24;9.07;476;25;225;1904;7616;8568;9520;11424
59;Archux;238;-400;6150;15750;88;84;66;190;33;13;2;0;0;0;0;0;25.84;36.97;14.63;430.5;25;-375;1722;6888;7749;8610;10332
60;jiv72;237;-625;5925;15950;79;73;85;186;29;20;1;1;0;0;0;0;25;33.33;10.27;414.75;25;-600;1659;6636;7465.5;8295;9954
61;joueurderami;236;-1375;6175;16400;77;80;79;185;29;19;3;0;0;0;0;0;26.17;32.63;11.47;432.25;25;-1350;1729;6916;7780.5;8645;10374
62;MacMalouff;231;950;5850;16800;87;90;54;169;31;27;4;0;0;0;0;0;25.32;37.66;4.27;409.5;25;975;1638;6552;7371;8190;9828
63;babalazizz;230;1100;11500;29900;92;69;69;180;33;16;1;0;0;0;0;0;50;40;13.33;805;25;1125;3220;12880;14490;16100;19320
64;Titiak;229;-1175;8175;21500;69;94;66;178;33;17;1;0;0;0;0;0;35.7;30.13;12.33;572.25;25;-1150;2289;9156;10300.5;11445;13734
65;Thx Teerak;228;2000;11400;31200;95;77;56;168;40;18;2;0;0;0;0;0;50;41.67;8.77;798;25;2025;3192;12768;14364;15960;19152
66;FuraxXx 31;227;250;9400;35350;79;75;73;171;37;14;4;0;0;1;0;0;41.41;34.8;-25.35;658;25;275;2632;10528;11844;13160;15792
67;AuteuiL_yaya;226;-50;8950;23200;89;84;53;178;36;10;2;0;0;0;0;0;39.6;39.38;13.59;626.5;25;-25;2506;10024;11277;12530;15036
68;SCOFIELD0413;225;125;6325;17000;88;60;77;168;42;15;0;0;0;0;0;0;28.11;39.11;10.41;442.75;25;150;1771;7084;7969.5;8855;10626
69;lukyou34;225;875;8725;23250;84;79;62;172;29;23;1;0;0;0;0;0;38.78;37.33;11.17;610.75;25;900;2443;9772;10993.5;12215;14658
70;huit-et-six;224;725;6975;19650;86;64;74;168;40;11;4;1;0;0;0;0;31.14;38.39;6.09;488.25;25;750;1953;7812;8788.5;9765;11718
71;M.G51;223;-50;6150;16600;91;73;59;169;35;17;2;0;0;0;0;0;27.58;40.81;10.03;430.5;25;-25;1722;6888;7749;8610;10332
72;cpenible;222;-1650;10050;24500;80;53;89;183;32;5;2;0;0;0;0;0;45.27;36.04;18.74;703.5;25;-1625;2814;11256;12663;14070;16884
73;HfC_LoVeR;218;-150;5450;14050;79;77;62;173;29;15;1;0;0;0;0;0;25;36.24;14.07;381.5;25;-125;1526;6104;6867;7630;9156
74;sancho431;216;-300;5400;14850;77;60;79;156;43;15;2;0;0;0;0;0;25;35.65;8.33;378;25;-275;1512;6048;6804;7560;9072
75;cdkfr;215;-325;5375;14900;78;61;76;154;46;14;0;1;0;0;0;0;25;36.28;7.6;376.25;25;-300;1505;6020;6772.5;7525;9030
76;soispatient;214;-950;5550;14150;76;72;66;173;27;11;3;0;0;0;0;0;25.93;35.51;15.02;388.5;25;-925;1554;6216;6993;7770;9324
77;lamagouille;214;0;8400;21300;79;64;71;169;31;13;1;0;0;0;0;0;39.25;36.92;15.48;588;25;25;2352;9408;10584;11760;14112
78;NiKOuMOuK55;214;-150;5350;14250;76;71;67;164;33;15;2;0;0;0;0;0;25;35.51;11.21;374.5;25;-125;1498;5992;6741;7490;8988
79;monkey4242;213;450;6650;18000;76;59;78;161;26;24;2;0;0;0;0;0;31.22;35.68;9.77;465.5;25;475;1862;7448;8379;9310;11172
80;SAMSHAGIRL;213;-1125;5325;14150;64;89;60;163;34;14;2;0;0;0;0;0;25;30.05;11.42;372.75;25;-1100;1491;5964;6709.5;7455;8946
81;Cop-y-33;213;-475;9825;25800;76;66;71;163;35;15;0;0;0;0;0;0;46.13;35.68;12.47;687.75;25;-450;2751;11004;12379.5;13755;16506
82;aufreddy777;211;-175;5275;13950;75;66;70;156;42;13;0;0;0;0;0;0;25;35.55;11.85;369.25;25;-150;1477;5908;6646.5;7385;8862
83;4betspew;208;-1625;7475;21150;65;68;75;154;31;18;4;1;0;0;0;0;35.94;31.25;5.69;523.25;25;-1600;2093;8372;9418.5;10465;12558
84;gregol2;204;-900;5200;14050;69;60;75;156;30;15;3;0;0;0;0;0;25.49;33.82;9.94;364;25;-875;1456;5824;6552;7280;8736
85;fafou1981;204;575;7375;19950;83;59;62;156;27;18;3;0;0;0;0;0;36.15;40.69;9.83;516.25;25;600;2065;8260;9292.5;10325;12390
86;KhaleesiFTW;202;900;10100;27400;84;64;54;156;26;17;3;0;0;0;0;0;50;41.58;9.57;707;25;925;2828;11312;12726;14140;16968
87;AiiAAKKPIPI;200;-950;5700;15500;66;76;58;146;36;18;0;0;0;0;0;0;28.5;33;9.36;399;25;-925;1596;6384;7182;7980;9576
88;tchacacaboom;199;25;6325;17800;70;47;82;145;34;16;4;0;0;0;0;0;31.78;35.18;6.19;442.75;25;50;1771;7084;7969.5;8855;10626
89;MorX13;197;700;5250;14850;79;62;56;140;35;22;0;0;0;0;0;0;26.65;40.1;5.71;367.5;25;725;1470;5880;6615;7350;8820
90;KAFULL84;197;-825;6175;18200;62;72;63;145;33;15;3;0;1;0;0;0;31.35;31.47;1.75;432.25;25;-800;1729;6916;7780.5;8645;10374
91;jojolebedo;196;-1400;7350;19100;66;62;68;155;26;15;0;0;0;0;0;0;37.5;33.67;13.38;514.5;25;-1375;2058;8232;9261;10290;12348
92;Sylange_974;196;-1700;8250;21950;53;83;60;148;35;11;2;0;0;0;0;0;42.09;27.04;11.31;577.5;25;-1675;2310;9240;10395;11550;13860
93;Messi 17000;196;-1750;9550;25450;60;67;69;151;29;14;2;0;0;0;0;0;48.72;30.61;11.17;668.5;25;-1725;2674;10696;12033;13370;16044
94;PandaPower;195;-600;7050;19000;62;61;72;144;33;18;0;0;0;0;0;0;36.15;31.79;10.17;493.5;25;-575;1974;7896;8883;9870;11844
95;doowie2a;195;-350;4900;12750;72;70;53;151;33;9;2;0;0;0;0;0;25.13;36.92;13.27;343;25;-325;1372;5488;6174;6860;8232
96;AbbAu;194;-525;5775;15950;70;61;63;142;37;14;1;0;0;0;0;0;29.77;36.08;7.94;404.25;25;-500;1617;6468;7276.5;8085;9702
97;KYFFF;193;275;4825;13250;70;51;72;140;36;16;1;0;0;0;0;0;25;36.27;8.46;337.75;25;300;1351;5404;6079.5;6755;8106
98;badbeatland.;193;-775;5125;13250;63;49;81;153;29;9;1;1;0;0;0;0;26.55;32.64;13.82;358.75;25;-750;1435;5740;6457.5;7175;8610
99;xgilles979;193;-25;5375;15250;66;56;71;139;34;17;3;0;0;0;0;0;27.85;34.2;5.43;376.25;25;0;1505;6020;6772.5;7525;9030
100;romanom37;192;-200;8400;22400;67;79;46;144;32;16;0;0;0;0;0;0;43.75;34.9;11.11;588;25;-175;2352;9408;10584;11760;14112
101;Matslide;190;-75;5675;14950;76;64;50;143;30;16;1;0;0;0;0;0;29.87;40;12.19;397.25;0;-75;1589;6356;7150.5;7945;9534
102;HuBBeuR;190;-1775;5025;13800;49;65;76;141;28;20;1;0;0;0;0;0;26.45;25.79;8.46;351.75;0;-1775;1407;5628;6331.5;7035;8442
103;jmcaronoel;189;-900;9100;24600;66;64;59;141;31;17;0;0;0;0;0;0;48.15;34.92;9.89;637;0;-900;2548;10192;11466;12740;15288
104;stephou89;188;-1125;8375;22300;63;49;76;140;34;13;1;0;0;0;0;0;44.55;33.51;11.24;586.25;0;-1125;2345;9380;10552.5;11725;14070
105;NOACH95;186;425;6425;20850;73;59;54;128;35;21;1;0;1;0;0;0;34.54;39.25;-8.17;449.75;0;425;1799;7196;8095.5;8995;10794
106;zazapette;186;-275;6525;17550;67;66;53;141;27;17;1;0;0;0;0;0;35.08;36.02;10.34;456.75;0;-275;1827;7308;8221.5;9135;10962
107;Easyrev;185;825;7225;18750;70;54;61;145;26;14;0;0;0;0;0;0;39.05;37.84;13.49;505.75;0;825;2023;8092;9103.5;10115;12138
108;bongos;183;-1850;8600;23300;56;58;69;135;34;12;2;0;0;0;0;0;46.99;30.6;9.69;602;0;-1850;2408;9632;10836;12040;14448
109;asasin84;182;-300;4950;12950;61;66;55;138;32;11;1;0;0;0;0;0;27.2;33.52;12.79;346.5;0;-300;1386;5544;6237;6930;8316
110;pokerface737;177;-975;5525;14850;51;56;70;133;30;14;0;0;0;0;0;0;31.21;28.81;10.41;386.75;0;-975;1547;6188;6961.5;7735;9282
111;brams94600;176;-425;7425;19800;59;53;64;137;24;14;1;0;0;0;0;0;42.19;33.52;11.11;519.75;0;-425;2079;8316;9355.5;10395;12474
112;lacteur 21;173;-450;7450;19600;63;47;63;130;31;10;2;0;0;0;0;0;43.06;36.42;12.3;521.5;0;-450;2086;8344;9387;10430;12516
113;Fdp.winamax;173;-25;5125;13800;63;57;53;127;32;14;0;0;0;0;0;0;29.62;36.42;10.24;358.75;0;-25;1435;5740;6457.5;7175;8610
114;gueulderak;173;-800;6250;16900;60;52;61;127;35;8;2;1;0;0;0;0;36.13;34.68;9.87;437.5;0;-800;1750;7000;7875;8750;10500
115;plemob55;171;-500;4400;12350;51;32;88;125;24;21;1;0;0;0;0;0;25.73;29.82;6.44;308;0;-500;1232;4928;5544;6160;7392
116;bebert9133;171;-875;4475;11100;57;63;51;137;25;9;0;0;0;0;0;0;26.17;33.33;17.32;313.25;0;-875;1253;5012;5638.5;6265;7518
117;-TCHETNIK-;171;975;4325;12350;72;47;52;122;30;17;2;0;0;0;0;0;25.29;42.11;4.82;302.75;0;975;1211;4844;5449.5;6055;7266
118;Jynx Maze;171;7650;8550;31600;68;52;51;137;20;13;0;0;0;1;0;0;50;39.77;-23.2;598.5;0;7650;2394;9576;10773;11970;14364
119;Paire-severe;167;275;5175;14400;63;81;23;126;25;13;2;1;0;0;0;0;30.99;37.72;7.25;362.25;0;275;1449;5796;6520.5;7245;8694
120;painparle;167;275;4175;10750;69;54;44;134;25;7;0;1;0;0;0;0;25;41.32;14.17;292.25;0;275;1169;4676;5260.5;5845;7014
121;CapriX13;167;-825;4775;13250;53;57;57;121;29;16;1;0;0;0;0;0;28.59;31.74;7.5;334.25;0;-825;1337;5348;6016.5;6685;8022
122;moringoo;166;100;4650;12450;68;48;50;125;31;9;0;1;0;0;0;0;28.01;40.96;10.75;325.5;0;100;1302;5208;5859;6510;7812
123;pollo401;164;-2250;7950;20300;48;52;64;131;23;9;1;0;0;0;0;0;48.48;29.27;14.88;556.5;0;-2250;2226;8904;10017;11130;13356
124;peou;164;-350;4100;10550;58;63;43;128;25;11;0;0;0;0;0;0;25;35.37;14.23;287;0;-350;1148;4592;5166;5740;6888
125;- EXPO -;164;375;5375;14700;61;48;55;121;29;13;1;0;0;0;0;0;32.77;37.2;8.84;376.25;0;375;1505;6020;6772.5;7525;9030
126;cryptocrome;163;-350;4400;11350;61;50;52;130;18;15;0;0;0;0;0;0;26.99;37.42;14.02;308;0;-350;1232;4928;5544;6160;7392
127;Nicosinus;163;1050;4450;13800;58;59;46;121;24;14;2;1;1;0;0;0;27.3;35.58;-3.37;311.5;0;1050;1246;4984;5607;6230;7476
128;Drachno;163;1750;8150;21300;74;45;44;126;26;10;1;0;0;0;0;0;50;45.4;12.88;570.5;0;1750;2282;9128;10269;11410;13692
129;Barbitouf25;163;-500;4150;10500;56;51;56;128;27;8;0;0;0;0;0;0;25.46;34.36;15.66;290.5;0;-500;1162;4648;5229;5810;6972
130;Titzourss;162;-1050;4050;10750;48;62;52;125;23;13;1;0;0;0;0;0;25;29.63;11.52;283.5;0;-1050;1134;4536;5103;5670;6804
131;mattetju;162;675;4475;12000;68;50;44;126;24;10;1;1;0;0;0;0;27.62;41.98;10.61;313.25;0;675;1253;5012;5638.5;6265;7518
132;ShipforBoobs;161;725;4075;10250;76;33;52;131;20;9;1;0;0;0;0;0;25.31;47.2;16.16;285.25;0;725;1141;4564;5134.5;5705;6846
133;Zinger69;160;-850;4000;10750;49;66;45;119;29;11;1;0;0;0;0;0;25;30.62;10.42;280;0;-850;1120;4480;5040;5600;6720
134;hodo57;160;-175;4075;12200;55;50;55;111;41;6;1;0;1;0;0;0;25.47;34.38;0.2;285.25;0;-175;1141;4564;5134.5;5705;6846
135;CrapsBaz;159;450;4100;10700;67;42;50;126;21;10;2;0;0;0;0;0;25.79;42.14;13.01;287;0;450;1148;4592;5166;5740;6888
136;pasa61pasa;158;-850;4100;10500;47;60;51;127;21;8;2;0;0;0;0;0;25.95;29.75;14.63;287;0;-850;1148;4592;5166;5740;6888
137;omjuju13;155;150;7700;20900;56;56;43;117;23;14;1;0;0;0;0;0;49.68;36.13;9.52;539;0;150;2156;8624;9702;10780;12936
138;Patsoul16;155;325;3975;9950;68;44;43;124;24;7;0;0;0;0;0;0;25.65;43.87;16.56;278.25;0;325;1113;4452;5008.5;5565;6678
139;Regcarp;154;-625;3925;10350;54;48;52;127;16;8;2;1;0;0;0;0;25.49;35.06;12.1;274.75;0;-625;1099;4396;4945.5;5495;6594
140;Singe77;154;-500;7700;21300;53;65;36;110;31;12;1;0;0;0;0;0;50;34.42;7.79;539;0;-500;2156;8624;9702;10780;12936
141;Obrado;153;1275;3825;10950;62;39;52;121;24;5;2;0;1;0;0;0;25;40.52;4.58;267.75;0;1275;1071;4284;4819.5;5355;6426
142;Alchimist86;153;750;6650;18350;63;48;42;107;33;11;2;0;0;0;0;0;43.46;41.18;8.02;465.5;0;750;1862;7448;8379;9310;11172
143;Pelele64;152;800;3850;10700;61;47;44;116;21;13;1;1;0;0;0;0;25.33;40.13;7.36;269.5;0;800;1078;4312;4851;5390;6468
144;TheMaxXx;152;-525;3825;9900;53;43;56;127;14;9;1;1;0;0;0;0;25.16;34.87;13.73;267.75;0;-525;1071;4284;4819.5;5355;6426
145;Patoufponpon;151;425;7475;20550;57;45;49;113;21;16;1;0;0;0;0;0;49.5;37.75;8.36;523.25;0;425;2093;8372;9418.5;10465;12558
146;Poker_Dz;151;-2100;4400;10650;34;40;77;125;22;3;1;0;0;0;0;0;29.14;22.52;19.32;308;0;-2100;1232;4928;5544;6160;7392
147;alan_dutch;150;-1125;4725;13800;49;49;52;109;29;11;0;1;0;0;0;0;31.5;32.67;2.65;330.75;0;-1125;1323;5292;5953.5;6615;7938
148;Peypo64150;150;225;4225;11650;53;47;50;114;23;8;5;0;0;0;0;0;28.17;35.33;8.09;295.75;0;225;1183;4732;5323.5;5915;7098
149;Trafinoglu;150;-500;3750;10000;49;56;45;112;28;9;1;0;0;0;0;0;25;32.67;11.11;262.5;0;-500;1050;4200;4725;5250;6300
150;sandkaman;150;-750;3750;9500;48;56;46;120;22;7;1;0;0;0;0;0;25;32;15.56;262.5;0;-750;1050;4200;4725;5250;6300
151;Ajeossi;149;-75;3725;10450;53;55;41;102;36;10;1;0;0;0;0;0;25;35.57;6.49;260.75;0;-75;1043;4172;4693.5;5215;6258
152;jadenolan;148;600;3700;9850;63;44;41;113;23;11;1;0;0;0;0;0;25;42.57;11.26;259;0;600;1036;4144;4662;5180;6216
153;SEGOMAN;148;-500;4300;11500;43;51;54;110;27;11;0;0;0;0;0;0;29.05;29.05;10.85;301;0;-500;1204;4816;5418;6020;7224
154;kazumix;146;-275;3825;10400;48;43;55;105;29;12;0;0;0;0;0;0;26.2;32.88;9.37;267.75;0;-275;1071;4284;4819.5;5355;6426
155;iaia;146;225;3675;10200;55;42;49;103;31;11;1;0;0;0;0;0;25.17;37.67;7.48;257.25;0;225;1029;4116;4630.5;5145;6174
156;Lanesthesist;143;75;3975;10050;60;44;39;119;14;10;0;0;0;0;0;0;27.8;41.96;15.72;278.25;0;75;1113;4452;5008.5;5565;6678
157;Bambig;143;-1300;4450;11650;37;61;45;111;20;12;0;0;0;0;0;0;31.12;25.87;12.73;311.5;0;-1300;1246;4984;5607;6230;7476
158;nisharko;142;-300;3550;9450;47;44;51;105;29;7;1;0;0;0;0;0;25;33.1;11.27;248.5;0;-300;994;3976;4473;4970;5964
159;YUGOO7;142;-475;4575;12350;49;43;50;111;18;12;1;0;0;0;0;0;32.22;34.51;10.02;320.25;0;-475;1281;5124;5764.5;6405;7686
160;gaybel;141;-400;3600;9300;45;52;44;111;18;12;0;0;0;0;0;0;25.53;31.91;13.89;252;0;-400;1008;4032;4536;5040;6048
161;Alviistar2.0;140;525;3525;9200;62;38;40;108;22;10;0;0;0;0;0;0;25.18;44.29;13;246.75;0;525;987;3948;4441.5;4935;5922
162;Ryan33710;140;-775;3975;10600;44;49;47;107;22;9;2;0;0;0;0;0;28.39;31.43;11.11;278.25;0;-775;1113;4452;5008.5;5565;6678
163;MITCHPOK74;139;175;3475;9300;57;34;48;104;23;12;0;0;0;0;0;0;25;41.01;10.79;243.25;0;175;973;3892;4378.5;4865;5838
164;saltheman;139;-150;3500;9150;54;48;37;108;21;9;1;0;0;0;0;0;25.18;38.85;12.86;245;0;-150;980;3920;4410;4900;5880
165;scotone1;139;-225;3625;10400;40;56;43;98;31;8;1;1;0;0;0;0;26.08;28.78;4.37;253.75;0;-225;1015;4060;4567.5;5075;6090
166;Gamers57;139;-500;4400;11850;46;56;37;107;18;12;2;0;0;0;0;0;31.65;33.09;10.23;308;0;-500;1232;4928;5544;6160;7392
167;LaVistaa;138;-525;3725;11050;45;55;38;97;23;15;3;0;0;0;0;0;26.99;32.61;1.12;260.75;0;-525;1043;4172;4693.5;5215;6258
168;riviroma89;138;1000;3750;11650;48;42;48;94;23;16;5;0;0;0;0;0;27.17;34.78;-3.56;262.5;0;1000;1050;4200;4725;5250;6300
169;WALYANISW;138;125;3675;10000;51;38;49;102;24;11;1;0;0;0;0;0;26.63;36.96;9.3;257.25;0;125;1029;4116;4630.5;5145;6174
170;AdriPerrine;137;-825;3575;9450;39;55;43;104;25;6;2;0;0;0;0;0;26.09;28.47;11.89;250.25;0;-825;1001;4004;4504.5;5005;6006
171;-Mr Mojo-;137;225;3425;9400;54;42;41;100;27;8;2;0;0;0;0;0;25;39.42;8.52;239.75;0;225;959;3836;4315.5;4795;5754
172;jonah83;137;-175;3775;10100;48;40;49;105;22;9;1;0;0;0;0;0;27.55;35.04;10.82;264.25;0;-175;1057;4228;4756.5;5285;6342
173;Patat2forain;137;-50;3900;10850;43;46;48;97;30;8;2;0;0;0;0;0;28.47;31.39;7.26;273;0;-50;1092;4368;4914;5460;6552
174;sachaTouquet;137;900;6300;21150;46;48;43;98;21;15;1;0;2;0;0;0;45.99;33.58;-11.9;441;0;900;1764;7056;7938;8820;10584
175;JTERASE;135;275;3375;10500;50;40;45;98;21;15;0;0;1;0;0;0;25;37.04;-3.7;236.25;0;275;945;3780;4252.5;4725;5670
176;tonyparadise;135;-75;4075;10300;52;34;49;109;18;7;1;0;0;0;0;0;30.19;38.52;15.75;285.25;0;-75;1141;4564;5134.5;5705;6846
177;fivekiller;135;-825;4975;13500;44;41;50;102;21;11;1;0;0;0;0;0;36.85;32.59;9.55;348.25;0;-825;1393;5572;6268.5;6965;8358
178;gamraissa;135;25;3675;9800;50;43;42;99;27;8;1;0;0;0;0;0;27.22;37.04;11.11;257.25;0;25;1029;4116;4630.5;5145;6174
179;lera 33;135;350;4850;13100;57;48;30;100;24;11;0;0;0;0;0;0;35.93;42.22;9.97;339.5;0;350;1358;5432;6111;6790;8148
180;WERZOU;134;-425;5425;14150;46;25;63;103;20;10;1;0;0;0;0;0;40.49;34.33;13.06;379.75;0;-425;1519;6076;6835.5;7595;9114
181;WSOPMONACO;134;225;4675;13450;53;37;44;93;28;10;3;0;0;0;0;0;34.89;39.55;4.1;327.25;0;225;1309;5236;5890.5;6545;7854
182;Grrrrre;134;-450;3500;9350;47;48;39;100;24;10;0;0;0;0;0;0;26.12;35.07;10.95;245;0;-450;980;3920;4410;4900;5880
183;djemesssse;134;-525;4225;10950;47;29;58;102;22;9;1;0;0;0;0;0;31.53;35.07;13.61;295.75;0;-525;1183;4732;5323.5;5915;7098
184;legende464;134;-150;3750;9800;47;48;39;105;23;4;1;1;0;0;0;0;27.99;35.07;12.89;262.5;0;-150;1050;4200;4725;5250;6300
185;JustBlackCat;134;-150;3350;8700;50;47;37;105;20;8;1;0;0;0;0;0;25;37.31;13.43;234.5;0;-150;938;3752;4221;4690;5628
186;virgie79;133;-25;3575;9700;45;44;44;100;25;6;2;0;0;0;0;0;26.88;33.83;9.56;250.25;0;-25;1001;4004;4504.5;5005;6006
187;94polito94;133;725;6625;17450;50;39;44;102;20;11;0;0;0;0;0;0;49.81;37.59;12.2;463.75;0;725;1855;7420;8347.5;9275;11130
188;enidron76;133;-400;3650;9700;47;42;44;102;20;9;2;0;0;0;0;0;27.44;35.34;11.42;255.5;0;-400;1022;4088;4599;5110;6132
189;Orion expres;132;-300;4050;9950;48;32;52;108;16;8;0;0;0;0;0;0;30.68;36.36;18.11;283.5;0;-300;1134;4536;5103;5670;6804
190;benjamin7885;132;-225;3375;10450;47;46;39;92;32;6;1;0;1;0;0;0;25.57;35.61;-3.21;236.25;0;-225;945;3780;4252.5;4725;5670
191;jasty2k;131;-425;3275;8300;48;53;30;109;11;10;1;0;0;0;0;0;25;36.64;15.52;229.25;0;-425;917;3668;4126.5;4585;5502
192;asfar2813;130;-550;3350;9450;43;56;31;97;19;11;3;0;0;0;0;0;25.77;33.08;5.97;234.5;0;-550;938;3752;4221;4690;5628
193;wtangw;130;-675;4425;12950;43;39;48;91;26;12;1;0;0;0;0;0;34.04;33.08;2.45;309.75;0;-675;1239;4956;5575.5;6195;7434
194;PhiI lvey;130;700;3250;8900;52;45;33;97;18;15;0;0;0;0;0;0;25;40;8.72;227.5;0;700;910;3640;4095;4550;5460
195;Speedukas;129;575;3225;9000;56;32;41;100;15;10;4;0;0;0;0;0;25;43.41;6.98;225.75;0;575;903;3612;4063.5;4515;5418
196;nizard1826;129;-300;3400;9050;43;32;54;100;15;14;0;0;0;0;0;0;26.36;33.33;11.27;238;0;-300;952;3808;4284;4760;5712
197;imadovich;128;-425;3625;9700;46;35;47;95;24;9;0;0;0;0;0;0;28.32;35.94;10.8;253.75;0;-425;1015;4060;4567.5;5075;6090
198;Moreirense7;128;-375;4075;10550;47;42;39;98;24;6;0;0;0;0;0;0;31.84;36.72;13.7;285.25;0;-375;1141;4564;5134.5;5705;6846
199;BadButteur;127;-125;5275;13300;51;37;39;103;19;4;1;0;0;0;0;0;41.54;40.16;15.96;369.25;0;-125;1477;5908;6646.5;7385;8862
200;jtetank;127;-375;3175;8100;45;43;39;103;15;8;1;0;0;0;0;0;25;35.43;14.96;222.25;0;-375;889;3556;4000.5;4445;5334
201;Montana26;127;-100;5600;15250;46;32;49;96;18;13;0;0;0;0;0;0;44.09;36.22;9.23;392;0;-100;1568;6272;7056;7840;9408
202;ddr3ssd;127;-625;3175;8150;38;42;47;100;18;9;0;0;0;0;0;0;25;29.92;14.44;222.25;0;-625;889;3556;4000.5;4445;5334
203;BienTravail;127;475;3175;8500;54;38;35;96;21;9;1;0;0;0;0;0;25;42.52;10.76;222.25;0;475;889;3556;4000.5;4445;5334
204;HanK_HulaY;126;-150;3150;8500;44;43;39;94;22;9;1;0;0;0;0;0;25;34.92;10.05;220.5;0;-150;882;3528;3969;4410;5292
205;Lempalle;125;125;3625;9500;45;53;27;96;17;11;1;0;0;0;0;0;29;36;12.64;253.75;0;125;1015;4060;4567.5;5075;6090
206;FrifelinZer;125;-75;3175;8600;46;41;38;88;29;8;0;0;0;0;0;0;25.4;36.8;9.71;222.25;0;-75;889;3556;4000.5;4445;5334
207;Ozeiil;124;600;3700;9850;55;40;29;96;18;9;1;0;0;0;0;0;29.84;44.35;11.26;259;0;600;1036;4144;4662;5180;6216
208;suazo59lmr;124;325;4775;13500;47;45;32;94;19;9;1;1;0;0;0;0;38.51;37.9;5.76;334.25;0;325;1337;5348;6016.5;6685;8022
209;riccofou;124;-550;3300;8400;42;37;45;100;14;10;0;0;0;0;0;0;26.61;33.87;15.15;231;0;-550;924;3696;4158;4620;5544
210;lauramed88;124;2025;6075;17800;54;35;35;90;24;8;0;2;0;0;0;0;48.99;43.55;2.33;425.25;0;2025;1701;6804;7654.5;8505;10206
211;cAAlimero;124;-475;4525;11300;44;28;52;98;18;8;0;0;0;0;0;0;36.49;35.48;16.76;316.75;0;-475;1267;5068;5701.5;6335;7602
212;elrolls;124;-50;3650;9850;51;41;32;93;23;7;1;0;0;0;0;0;29.44;41.13;10.05;255.5;0;-50;1022;4088;4599;5110;6132
213;BAbaBAbaBA.;123;-725;6125;15800;38;35;50;96;20;6;1;0;0;0;0;0;49.8;30.89;14.01;428.75;0;-725;1715;6860;7717.5;8575;10290
214;ChrisXIII;123;-2250;5850;15600;30;57;36;94;19;9;1;0;0;0;0;0;47.56;24.39;11.11;409.5;0;-2250;1638;6552;7371;8190;9828
215;Serious Junk;123;-300;3200;7800;47;51;25;102;18;2;1;0;0;0;0;0;26.02;38.21;18.75;224;0;-300;896;3584;4032;4480;5376
216;lesombre09;123;-350;3500;9050;46;34;43;93;23;6;1;0;0;0;0;0;28.46;37.4;13.81;245;0;-350;980;3920;4410;4900;5880
217;BRUBRU17;122;-650;3300;9700;33;41;48;83;27;10;1;1;0;0;0;0;27.05;27.05;2.02;231;0;-650;924;3696;4158;4620;5544
218;gregos15;122;-550;3300;8350;37;55;30;96;20;6;0;0;0;0;0;0;27.05;30.33;15.66;231;0;-550;924;3696;4158;4620;5544
219;hnguyen515;121;-250;3200;8800;41;40;40;89;21;9;2;0;0;0;0;0;26.45;33.88;8.33;224;0;-250;896;3584;4032;4480;5376
220;Zecrii;121;-500;3150;8550;35;45;41;90;20;10;1;0;0;0;0;0;26.03;28.93;9.52;220.5;0;-500;882;3528;3969;4410;5292
221;Slappyb0y;121;-225;3025;8700;33;41;47;87;24;8;1;1;0;0;0;0;25;27.27;4.13;211.75;0;-225;847;3388;3811.5;4235;5082
222;kikitoudure;120;225;3275;9100;48;45;27;86;21;12;1;0;0;0;0;0;27.29;40;7.38;229.25;0;225;917;3668;4126.5;4585;5502
223;jp1260;119;-550;4000;11400;38;32;49;87;18;13;0;1;0;0;0;0;33.61;31.93;5;280;0;-550;1120;4480;5040;5600;6720
224;_KirbystacK_;119;1325;4475;11750;54;31;34;91;20;8;0;0;0;0;0;0;37.61;45.38;12.48;313.25;0;1325;1253;5012;5638.5;6265;7518
225;squali44;119;-300;5400;15100;42;42;35;85;21;12;1;0;0;0;0;0;45.38;35.29;6.79;378;0;-300;1512;6048;6804;7560;9072
226;LernMepoker;118;50;2950;8100;48;34;36;89;20;6;3;0;0;0;0;0;25;40.68;8.47;206.5;0;50;826;3304;3717;4130;4956
227;romainrn;118;-600;3300;9600;36;43;39;79;26;11;2;0;0;0;0;0;27.97;30.51;3.03;231;0;-600;924;3696;4158;4620;5544
228;Jordgz20;118;-775;3575;8850;39;29;50;100;9;9;0;0;0;0;0;0;30.3;33.05;17.48;250.25;0;-775;1001;4004;4504.5;5005;6006
229;remycessenon;118;-1025;3225;8950;32;43;43;84;24;9;1;0;0;0;0;0;27.33;27.12;7.49;225.75;0;-1025;903;3612;4063.5;4515;5418
230;Romalex75;118;-650;2950;7800;32;49;37;91;20;5;2;0;0;0;0;0;25;27.12;11.86;206.5;0;-650;826;3304;3717;4130;4956
231;unasmonfrere;117;1250;5850;17300;43;39;35;80;27;8;1;1;0;0;0;0;50;36.75;1.42;409.5;0;1250;1638;6552;7371;8190;9828
232;marcaurel79;116;-25;3375;8950;41;38;37;87;22;7;0;0;0;0;0;0;29.09;35.34;11.6;236.25;0;-25;945;3780;4252.5;4725;5670
233;LEJOKERDU92;116;425;3075;9100;38;44;34;84;15;15;2;0;0;0;0;0;26.51;32.76;1.36;215.25;0;425;861;3444;3874.5;4305;5166
234;Winaarien69;116;100;3050;8400;45;45;26;87;16;11;2;0;0;0;0;0;26.29;38.79;8.2;213.5;0;100;854;3416;3843;4270;5124
235;buzzl;116;-375;3775;9150;42;40;34;96;16;4;0;0;0;0;0;0;32.54;36.21;19.21;264.25;0;-375;1057;4228;4756.5;5285;6342
236;vivelafete;115;475;2975;8750;44;35;36;80;20;12;3;0;0;0;0;0;25.87;38.26;1.96;208.25;0;475;833;3332;3748.5;4165;4998
237;Dodzeeer;115;-1000;3050;8650;33;45;37;84;18;12;1;0;0;0;0;0;26.52;28.7;5.46;213.5;0;-1000;854;3416;3843;4270;5124
238;Kusse-Kurt;115;1325;5325;14500;51;34;30;87;16;12;0;0;0;0;0;0;46.3;44.35;9.23;372.75;0;1325;1491;5964;6709.5;7455;8946
239;fredyguik;115;325;2875;7600;49;31;35;92;11;11;1;0;0;0;0;0;25;42.61;11.88;201.25;0;325;805;3220;3622.5;4025;4830
240;theuuuuma;115;-625;3325;9400;34;43;38;80;25;8;2;0;0;0;0;0;28.91;29.57;5.76;232.75;0;-625;931;3724;4189.5;4655;5586
241;paschaa0087;114;300;2850;7950;46;41;27;83;21;8;2;0;0;0;0;0;25;40.35;7.02;199.5;0;300;798;3192;3591;3990;4788
242;Needle Sting;114;-25;2875;8050;37;39;38;82;20;11;1;0;0;0;0;0;25.22;32.46;6.67;201.25;0;-25;805;3220;3622.5;4025;4830
243;lizarazu80;114;-850;4150;11950;35;45;34;79;25;8;2;0;0;0;0;0;36.4;30.7;4.02;290.5;0;-850;1162;4648;5229;5810;6972
244;Ababurre;114;-575;5675;16050;35;36;43;84;15;14;1;0;0;0;0;0;49.78;30.7;5.73;397.25;0;-575;1589;6356;7150.5;7945;9534
245;8iRoguH;114;675;2875;7350;49;44;21;90;18;5;1;0;0;0;0;0;25.22;42.98;14.78;201.25;0;675;805;3220;3622.5;4025;4830
246;bab3006;114;-1550;3950;9450;32;44;38;95;14;5;0;0;0;0;0;0;34.65;28.07;20.25;276.5;0;-1550;1106;4424;4977;5530;6636
247;Jean cule...;113;-275;4125;10500;41;35;37;92;10;11;0;0;0;0;0;0;36.5;36.28;15.15;288.75;0;-275;1155;4620;5197.5;5775;6930
248;Renatojunior;113;-350;2850;7300;41;28;44;90;18;3;2;0;0;0;0;0;25.22;36.28;14.62;199.5;0;-350;798;3192;3591;3990;4788
249;nounieu;113;-1675;5575;13900;35;41;37;94;12;6;1;0;0;0;0;0;49.34;30.97;16.89;390.25;0;-1675;1561;6244;7024.5;7805;9366
250;BurjAlArab;113;-850;4500;12450;38;32;43;89;12;10;2;0;0;0;0;0;39.82;33.63;7.78;315;0;-850;1260;5040;5670;6300;7560
251;TOELMADE;113;-750;3050;8500;37;40;36;84;21;7;0;1;0;0;0;0;26.99;32.74;7.1;213.5;0;-750;854;3416;3843;4270;5124
252;cedric76320;112;-1250;3800;10550;31;38;43;83;16;13;0;0;0;0;0;0;33.93;27.68;7.46;266;0;-1250;1064;4256;4788;5320;6384
253;catcamaur1;112;-275;3175;8100;38;42;32;89;12;11;0;0;0;0;0;0;28.35;33.93;14.96;222.25;0;-275;889;3556;4000.5;4445;5334
254;PouRiToSs67;112;-925;3175;8500;32;38;42;87;18;6;1;0;0;0;0;0;28.35;28.57;10.76;222.25;0;-925;889;3556;4000.5;4445;5334
255;mike621_93;112;-325;2825;7400;37;32;43;89;15;7;1;0;0;0;0;0;25.22;33.04;12.68;197.75;0;-325;791;3164;3559.5;3955;4746
256;Julvar2210;112;-750;2950;7900;29;39;44;87;17;6;2;0;0;0;0;0;26.34;25.89;10.73;206.5;0;-750;826;3304;3717;4130;4956
257;Tigrouwood1;111;-875;2925;7800;32;53;26;82;22;7;0;0;0;0;0;0;26.35;28.83;11.11;204.75;0;-875;819;3276;3685.5;4095;4914
258;Ramiere;111;575;5525;16450;44;39;28;80;18;8;5;0;0;0;0;0;49.77;39.64;0.75;386.75;0;575;1547;6188;6961.5;7735;9282
259;jeanjo33;111;-200;2800;7900;38;28;45;81;14;16;0;0;0;0;0;0;25.23;34.23;5.95;196;0;-200;784;3136;3528;3920;4704
260;Zlatan99;111;775;5525;14800;46;37;28;85;16;9;1;0;0;0;0;0;49.77;41.44;10.71;386.75;0;775;1547;6188;6961.5;7735;9282
261;RalalAA;111;150;3250;8700;40;28;43;86;17;8;0;0;0;0;0;0;29.28;36.04;10.77;227.5;0;150;910;3640;4095;4550;5460
262;kev.d1991;111;325;3175;8350;44;28;39;85;16;10;0;0;0;0;0;0;28.6;39.64;12.34;222.25;0;325;889;3556;4000.5;4445;5334
263;giova06110;110;-650;3350;8800;35;30;45;86;18;5;1;0;0;0;0;0;30.45;31.82;12.44;234.5;0;-650;938;3752;4221;4690;5628
264;Rozaayamg;110;-75;3125;9200;35;47;28;82;15;9;4;0;0;0;0;0;28.41;31.82;1.87;218.75;0;-75;875;3500;3937.5;4375;5250
265;LAFORCEDU01;110;150;2750;7500;38;50;22;86;12;10;2;0;0;0;0;0;25;34.55;9.09;192.5;0;150;770;3080;3465;3850;4620
266;pium;109;-225;2875;7750;39;38;32;79;22;7;1;0;0;0;0;0;26.38;35.78;10.14;201.25;0;-225;805;3220;3622.5;4025;4830
267;MoThaFuCkAz_;109;-225;2725;7250;36;34;39;87;12;8;2;0;0;0;0;0;25;33.03;11.31;190.75;0;-225;763;3052;3433.5;3815;4578
268;09foti;108;-150;2700;7150;40;33;35;83;19;4;2;0;0;0;0;0;25;37.04;11.73;189;0;-150;756;3024;3402;3780;4536
269;KisSMarilynM;108;-25;3425;8900;44;26;38;84;19;4;1;0;0;0;0;0;31.71;40.74;13.38;239.75;0;-25;959;3836;4315.5;4795;5754
270;f.dup44;108;-225;2825;7400;38;31;39;82;19;7;0;0;0;0;0;0;26.16;35.19;12.68;197.75;0;-225;791;3164;3559.5;3955;4746
271;Fishundelj;108;-400;2700;7100;35;43;30;84;16;7;1;0;0;0;0;0;25;32.41;12.35;189;0;-400;756;3024;3402;3780;4536
272;neufetsept;107;-525;2725;7400;37;20;50;79;18;10;0;0;0;0;0;0;25.47;34.58;9.48;190.75;0;-525;763;3052;3433.5;3815;4578
273;Heinrich24;107;-275;3175;8450;37;22;48;82;14;10;1;0;0;0;0;0;29.67;34.58;11.29;222.25;0;-275;889;3556;4000.5;4445;5334
274;ka8igitis_23;107;275;3025;8500;41;38;28;78;15;14;0;0;0;0;0;0;28.27;38.32;6.34;211.75;0;275;847;3388;3811.5;4235;5082
275;AskickerAs09;106;-600;2900;7050;33;44;29;85;18;3;0;0;0;0;0;0;27.36;31.13;18.97;203;0;-600;812;3248;3654;4060;4872
276;Shurky;106;-425;2775;7050;38;40;28;84;14;8;0;0;0;0;0;0;26.18;35.85;15.32;194.25;0;-425;777;3108;3496.5;3885;4662
277;moka_prv;106;-375;3975;9800;41;27;38;87;14;5;0;0;0;0;0;0;37.5;38.68;17.82;278.25;0;-375;1113;4452;5008.5;5565;6678
278;PACO&A&H;106;425;3075;8800;43;35;28;75;17;13;1;0;0;0;0;0;29.01;40.57;4.61;215.25;0;425;861;3444;3874.5;4305;5166
279;11bRG;106;-700;5300;16000;30;38;38;69;24;11;2;0;0;0;0;0;50;28.3;-0.63;371;0;-700;1484;5936;6678;7420;8904
280;laurancid;106;-850;2950;7650;35;35;36;83;17;5;1;0;0;0;0;0;27.83;33.02;13.56;206.5;0;-850;826;3304;3717;4130;4956
281;Carpio 79;105;200;3200;8550;41;29;35;79;16;10;0;0;0;0;0;0;30.48;39.05;10.94;224;0;200;896;3584;4032;4480;5376
282;GoldPlayR;105;-475;2725;6900;34;32;39;82;17;6;0;0;0;0;0;0;25.95;32.38;15.6;190.75;0;-475;763;3052;3433.5;3815;4578
283;tetelle62;105;-500;3150;8650;35;41;29;78;14;12;1;0;0;0;0;0;30;33.33;8.47;220.5;0;-500;882;3528;3969;4410;5292
284;AAstefanKK;105;0;2800;7550;37;37;31;75;23;7;0;0;0;0;0;0;26.67;35.24;10.12;196;0;0;784;3136;3528;3920;4704
285;Spt attitude;105;825;5125;13100;45;37;23;83;15;7;0;0;0;0;0;0;48.81;42.86;14.8;358.75;0;825;1435;5740;6457.5;7175;8610
286;Ichbintapis;105;350;2900;7450;47;35;23;83;14;8;0;0;0;0;0;0;27.62;44.76;14.37;203;0;350;812;3248;3654;4060;4872
287;Jupy973;104;-1250;3200;9100;25;31;48;76;16;11;1;0;0;0;0;0;30.77;24.04;5.21;224;0;-1250;896;3584;4032;4480;5376
288;KELIAN2704;104;-450;3700;9300;38;31;35;84;11;7;2;0;0;0;0;0;35.58;36.54;16.22;259;0;-450;1036;4144;4662;5180;6216
289;TreezyBaby9;104;-250;2600;6850;38;34;32;80;15;9;0;0;0;0;0;0;25;36.54;12.18;182;0;-250;728;2912;3276;3640;4368
290;reconnexion;104;50;3200;8100;38;32;34;84;14;6;0;0;0;0;0;0;30.77;36.54;15.62;224;0;50;896;3584;4032;4480;5376
291;Emmanuella95;103;-75;2625;7000;34;32;37;79;17;5;2;0;0;0;0;0;25.49;33.01;11.11;183.75;0;-75;735;2940;3307.5;3675;4410
292;jerome83;103;-950;4600;11350;31;29;43;88;8;7;0;0;0;0;0;0;44.66;30.1;17.75;322;0;-950;1288;5152;5796;6440;7728
293;PaKaiKai;103;-1250;5150;13400;36;36;31;79;19;4;1;0;0;0;0;0;50;34.95;13.27;360.5;0;-1250;1442;5768;6489;7210;8652
294;paferic;103;275;3775;10300;39;25;39;78;14;11;0;0;0;0;0;0;36.65;37.86;9.05;264.25;0;275;1057;4228;4756.5;5285;6342
295;cedroc38;103;-275;2725;7350;33;26;44;80;14;7;2;0;0;0;0;0;26.46;32.04;10.09;190.75;0;-275;763;3052;3433.5;3815;4578
296;spawn-06;102;50;2600;7050;37;30;35;78;13;10;1;0;0;0;0;0;25.49;36.27;9.62;182;0;50;728;2912;3276;3640;4368
297;amosCo;102;-550;3100;8450;31;32;39;75;19;8;0;0;0;0;0;0;30.39;30.39;9.14;217;0;-550;868;3472;3906;4340;5208
298;titcho13;101;-675;3075;7900;34;51;16;76;21;4;0;0;0;0;0;0;30.45;33.66;14.36;215.25;0;-675;861;3444;3874.5;4305;5166
299;richimckaw;101;-75;2525;6150;37;38;26;84;14;2;1;0;0;0;0;0;25;36.63;18.81;176.75;0;-75;707;2828;3181.5;3535;4242
300;james2702;101;-1050;2850;7450;27;38;36;80;13;8;0;0;0;0;0;0;28.22;26.73;12.87;199.5;0;-1050;798;3192;3591;3990;4788
301;Biscotte6.9;101;650;3500;10800;34;36;31;76;16;6;1;2;0;0;0;0;34.65;33.66;-2.86;245;0;650;980;3920;4410;4900;5880
302;Qnel;101;350;2600;7250;42;25;34;74;15;11;1;0;0;0;0;0;25.74;41.58;7.05;182;0;350;728;2912;3276;3640;4368
303;Ranouna;101;300;3300;10400;31;36;34;68;20;12;0;0;1;0;0;0;32.67;30.69;-5.05;231;0;300;924;3696;4158;4620;5544
304;Blondin8880;101;-125;2575;6950;38;42;21;73;21;7;0;0;0;0;0;0;25.5;37.62;10.03;180.25;0;-125;721;2884;3244.5;3605;4326
305;la_pin_ce;100;200;2500;7150;43;27;30;77;11;8;4;0;0;0;0;0;25;43;4.67;175;0;200;700;2800;3150;3500;4200
306;jojo76500;100;25;2525;6800;38;30;32;77;15;7;1;0;0;0;0;0;25.25;38;10.23;176.75;0;25;707;2828;3181.5;3535;4242
307;alex38om;100;-400;2500;6650;30;30;40;73;21;6;0;0;0;0;0;0;25;30;11.33;175;0;-400;700;2800;3150;3500;4200
308;giovanni66;100;-1050;2650;6650;29;26;45;80;15;5;0;0;0;0;0;0;26.5;29;16.35;185.5;0;-1050;742;2968;3339;3710;4452
309;litidjas;100;-375;2525;7050;31;23;46;70;24;4;2;0;0;0;0;0;25.25;31;6.93;176.75;0;-375;707;2828;3181.5;3535;4242
310;AAnus Etroit;100;325;3675;10100;39;30;31;74;17;7;2;0;0;0;0;0;36.75;39;8.39;257.25;0;325;1029;4116;4630.5;5145;6174
311;theos57100;100;-600;2950;7450;27;26;47;79;14;7;0;0;0;0;0;0;29.5;27;15.82;206.5;0;-600;826;3304;3717;4130;4956
312;fibus12;100;-650;3450;8200;35;28;37;81;15;4;0;0;0;0;0;0;34.5;35;20.77;241.5;0;-650;966;3864;4347;4830;5796
313;stepann;100;550;2500;6850;42;34;24;74;19;5;2;0;0;0;0;0;25;42;8.67;175;0;550;700;2800;3150;3500;4200
