rank;playerName;expressoNb;profit;totalBuyin;totalJackpot;places1;places2;places3;totalX2;totalX4;totalX6;totalX10;totalX20;totalX50;totalX200;totalX1000;totalX10000;averageBuyin;itmPercent;effectiveRake;totalRake;challengePrize;profitPostChall;miles;milesD3;milesD4;milesD5;milesRedD
1;ChildCZ;2809;218475;70225;460550;1024;985;800;2156;462;167;18;4;0;0;1;1;25;36.45;-118.61;4915.75;2250;220725;19663;78652;88483.5;98315;117978
2;MrTs222;2677;-1150;76350;201950;980;1049;648;2057;421;182;14;3;0;0;0;0;28.52;36.61;11.83;5344.5;1500;350;21378;85512;96201;106890;128268
3;O0IIIIII0O;2125;-5900;61650;164150;742;747;636;1595;383;140;6;0;1;0;0;0;29.01;34.92;11.25;4315.5;1000;-4900;17262;69048;77679;86310;103572
4;BetterCallMe;1886;-2225;64975;176900;672;610;604;1423;311;134;15;2;1;0;0;0;34.45;35.63;9.25;4548.25;750;-1475;18193;72772;81868.5;90965;109158
5;LEpasduppe;1645;1225;41225;110500;620;567;458;1249;264;122;8;2;0;0;0;0;25.06;37.69;10.65;2885.75;500;1725;11543;46172;51943.5;57715;69258
6;Hey_Jude;1498;-3375;45825;121850;518;499;481;1161;238;90;6;1;2;0;0;0;30.59;34.58;11.37;3207.75;375;-3000;12831;51324;57739.5;64155;76986
7;Le Audrius;1381;-850;53550;143900;530;440;411;1079;188;104;8;1;1;0;0;0;38.78;38.38;10.43;3748.5;375;-475;14994;59976;67473;74970;89964
8;cxin19871026;1185;-450;37800;104600;396;336;453;892;190;84;18;1;0;0;0;0;31.9;33.42;7.76;2646;225;-225;10584;42336;47628;52920;63504
9;Bambino4;1132;2250;28300;75150;463;366;303;864;184;77;6;1;0;0;0;0;25;40.9;11.48;1981;225;2475;7924;31696;35658;39620;47544
10;adopteunbet;1101;-150;55050;149200;409;373;319;854;158;74;13;1;1;0;0;0;50;37.15;9.66;3853.5;225;75;15414;61656;69363;77070;92484
11;BanFromPluto;1071;2025;29975;81400;414;381;276;814;174;74;4;5;0;0;0;0;27.99;38.66;9.48;2098.25;150;2175;8393;33572;37768.5;41965;50358
12;Arthur4King;639;-25;15975;41800;256;207;176;494;99;43;3;0;0;0;0;0;25;40.06;12.78;1118.25;150;125;4473;17892;20128.5;22365;26838
13;-la dinde-;630;-1575;17975;46650;223;249;158;488;103;35;2;2;0;0;0;0;28.53;35.4;13.49;1258.25;150;-1425;5033;20132;22648.5;25165;30198
14;SharKKutier;625;-575;15675;40750;224;233;168;482;102;39;2;0;0;0;0;0;25.08;35.84;13.34;1097.25;150;-425;4389;17556;19750.5;21945;26334
15;TIREX01;604;-2150;17700;47200;190;210;204;449;114;39;2;0;0;0;0;0;29.3;31.46;11.11;1239;150;-2000;4956;19824;22302;24780;29736
16;PokerAJ_2010;571;-725;17425;46500;199;199;173;441;88;37;4;1;0;0;0;0;30.52;34.85;11.05;1219.75;75;-650;4879;19516;21955.5;24395;29274
17;antofourn;521;-1075;13025;34000;189;205;127;414;73;30;2;2;0;0;0;0;25;36.28;12.99;911.75;75;-1000;3647;14588;16411.5;18235;21882
18;5massam5;519;-825;14625;39400;186;146;187;400;70;46;2;1;0;0;0;0;28.18;35.84;10.2;1023.75;75;-750;4095;16380;18427.5;20475;24570
19;hachibalde;503;325;13175;35250;192;156;155;392;68;39;3;1;0;0;0;0;26.19;38.17;10.82;922.25;75;400;3689;14756;16600.5;18445;22134
20;Diep21;449;-1425;11225;30200;146;161;142;334;79;34;2;0;0;0;0;0;25;32.52;10.32;785.75;75;-1350;3143;12572;14143.5;15715;18858
21;gogepok37;429;475;10725;28800;156;142;131;324;69;33;3;0;0;0;0;0;25;36.36;10.49;750.75;75;550;3003;12012;13513.5;15015;18018
22;AdAugusta;413;-1425;10325;27200;130;165;118;317;65;29;2;0;0;0;0;0;25;31.48;12.19;722.75;75;-1350;2891;11564;13009.5;14455;17346
23;nounieu;412;100;20600;55400;145;135;132;311;66;32;3;0;0;0;0;0;50;35.19;10.36;1442;75;175;5768;23072;25956;28840;34608
24;cunbrejnaca;411;200;10300;28200;158;130;123;313;57;38;2;1;0;0;0;0;25.06;38.44;8.74;721;75;275;2884;11536;12978;14420;17304
25;Abubekr;411;-75;10275;27700;139;161;111;310;67;30;4;0;0;0;0;0;25;33.82;10.14;719.25;75;0;2877;11508;12946.5;14385;17262
26;omahalpha;393;-875;13475;35500;137;139;117;305;59;27;2;0;0;0;0;0;34.29;34.86;12.18;943.25;50;-825;3773;15092;16978.5;18865;22638
27;Archer90;392;-400;19600;56100;137;144;111;277;73;36;6;0;0;0;0;0;50;34.95;4.59;1372;50;-350;5488;21952;24696;27440;32928
28;jetelamet13;376;150;11400;29800;143;103;130;293;54;27;2;0;0;0;0;0;30.32;38.03;12.87;798;50;200;3192;12768;14364;15960;19152
29;troupineur;373;400;10550;30050;134;103;136;284;64;20;3;1;1;0;0;0;28.28;35.92;5.06;738.5;50;450;2954;11816;13293;14770;17724
30;Miss Kissy;368;-150;9200;24900;133;128;107;272;68;25;3;0;0;0;0;0;25;36.14;9.78;644;50;-100;2576;10304;11592;12880;15456
31;Iamethod13;351;-775;12925;33450;123;126;102;276;51;22;2;0;0;0;0;0;36.82;35.04;13.73;904.75;50;-725;3619;14476;16285.5;18095;21714
32;RunG00D4Ever;338;-1175;8475;23200;104;134;100;255;55;21;7;0;0;0;0;0;25.07;30.77;8.75;593.25;50;-1125;2373;9492;10678.5;11865;14238
33;moringoo;334;-1150;11350;29900;118;86;130;261;48;24;1;0;0;0;0;0;33.98;35.33;12.19;794.5;50;-1100;3178;12712;14301;15890;19068
34;iRiverNuts;322;-800;8350;22050;111;92;119;246;53;21;2;0;0;0;0;0;25.93;34.47;11.98;584.5;50;-750;2338;9352;10521;11690;14028
35;theduc;312;725;8275;22450;120;88;104;230;56;24;2;0;0;0;0;0;26.52;38.46;9.57;579.25;50;775;2317;9268;10426.5;11585;13902
37;lolo45600;305;-325;11075;29550;114;97;94;232;55;15;2;1;0;0;0;0;36.31;37.38;11.06;775.25;50;-275;3101;12404;13954.5;15505;18606
38;unasmonfrere;293;2650;14650;40600;124;107;62;229;43;17;3;0;1;0;0;0;50;42.32;7.62;1025.5;50;2700;4102;16408;18459;20510;24612
39;AndriusP7;289;1550;14450;39000;121;103;65;219;39;31;0;0;0;0;0;0;50;41.87;10.03;1011.5;50;1600;4046;16184;18207;20230;24276
40;Chris5751575;288;-1025;10325;28150;96;102;90;215;48;23;2;0;0;0;0;0;35.85;33.33;9.12;722.75;50;-975;2891;11564;13009.5;14455;17346
41;Obrado;287;-750;7300;20200;89;85;113;210;46;30;1;0;0;0;0;0;25.44;31.01;7.76;511;50;-700;2044;8176;9198;10220;12264
42;PacoRayban;286;-350;9200;24500;108;103;75;226;39;18;2;1;0;0;0;0;32.17;37.76;11.23;644;50;-300;2576;10304;11592;12880;15456
43;panny37;278;-1350;8200;23600;77;80;121;207;44;23;2;1;1;0;0;0;29.5;27.7;4.07;574;50;-1300;2296;9184;10332;11480;13776
44;toony9;277;-225;7875;20400;105;62;110;211;44;22;0;0;0;0;0;0;28.43;37.91;13.65;551.25;50;-175;2205;8820;9922.5;11025;13230
45;tharod69;276;250;6900;19050;108;91;77;210;36;28;1;1;0;0;0;0;25;39.13;7.97;483;50;300;1932;7728;8694;9660;11592
46;lavinia83;273;-1125;9325;26400;96;100;77;199;44;26;3;1;0;0;0;0;34.16;35.16;5.63;652.75;50;-1075;2611;10444;11749.5;13055;15666
47;Ghosty14;260;1650;10350;32700;95;83;82;183;50;22;3;1;1;0;0;0;39.81;36.54;-5.31;724.5;50;1700;2898;11592;13041;14490;17388
48;TOUFIK76;259;-900;11000;30250;86;83;90;191;43;24;1;0;0;0;0;0;42.47;33.2;8.33;770;50;-850;3080;12320;13860;15400;18480
49;freddoc70;258;-325;6775;19200;95;83;80;188;49;18;1;2;0;0;0;0;26.26;36.82;5.54;474.25;50;-275;1897;7588;8536.5;9485;11382
50;Tu_Te_Calm;257;-750;9700;25700;92;84;81;204;29;22;2;0;0;0;0;0;37.74;35.8;11.68;679;50;-700;2716;10864;12222;13580;16296
51;Akhym94;251;-150;10450;28550;88;80;83;190;38;22;1;0;0;0;0;0;41.63;35.06;8.93;731.5;25;-125;2926;11704;13167;14630;17556
52;paschaa0087;241;825;6025;16450;100;80;61;179;40;20;2;0;0;0;0;0;25;41.49;8.99;421.75;25;850;1687;6748;7591.5;8435;10122
53;igloolol;239;600;8000;21100;91;76;72;192;33;13;0;1;0;0;0;0;33.47;38.08;12.08;560;25;625;2240;8960;10080;11200;13440
54;karim le bg;234;-350;5850;15900;82;69;83;173;40;20;1;0;0;0;0;0;25;35.04;9.4;409.5;25;-325;1638;6552;7371;8190;9828
55;de haan;231;0;7050;21300;86;67;78;179;28;18;5;0;1;0;0;0;30.52;37.23;-0.71;493.5;25;25;1974;7896;8883;9870;11844
56;aaleynaa;220;-75;6875;18350;73;77;70;167;36;16;1;0;0;0;0;0;31.25;33.18;11.03;481.25;25;-50;1925;7700;8662.5;9625;11550
57;-LuCh0-;217;975;7075;19350;92;76;49;167;32;14;3;1;0;0;0;0;32.6;42.4;8.83;495.25;25;1000;1981;7924;8914.5;9905;11886
58;AnArKine;212;-100;5350;14700;75;56;81;162;35;10;4;1;0;0;0;0;25.24;35.38;8.41;374.5;25;-75;1498;5992;6741;7490;8988
59;doowie2a;207;-850;6200;16850;70;75;62;168;26;10;1;2;0;0;0;0;29.95;33.82;9.41;434;25;-825;1736;6944;7812;8680;10416
60;Djoules59;207;100;5300;14400;72;74;61;159;31;14;2;1;0;0;0;0;25.6;34.78;9.43;371;25;125;1484;5936;6678;7420;8904
61;Ramen LEBIFF;207;175;6275;17650;71;75;61;155;37;14;0;0;1;0;0;0;30.31;34.3;6.24;439.25;25;200;1757;7028;7906.5;8785;10542
62;Expresso100k;206;-325;6325;17450;76;51;79;168;20;16;1;0;1;0;0;0;30.7;36.89;8.04;442.75;25;-300;1771;7084;7969.5;8855;10626
63;superfish75;206;-1225;6075;15350;73;68;65;171;25;9;0;1;0;0;0;0;29.49;35.44;15.78;425.25;25;-1200;1701;6804;7654.5;8505;10206
64;AskickerAs09;206;-25;6825;18300;77;67;62;156;41;7;2;0;0;0;0;0;33.13;37.38;10.62;477.75;25;0;1911;7644;8599.5;9555;11466
65;Paire-severe;205;-1000;7050;17600;68;76;61;165;26;14;0;0;0;0;0;0;34.39;33.17;16.78;493.5;25;-975;1974;7896;8883;9870;11844
66;Time2call2;204;-825;5125;13850;59;71;74;155;28;20;1;0;0;0;0;0;25.12;28.92;9.92;358.75;25;-800;1435;5740;6457.5;7175;8610
67;momovalentin;203;-425;6225;16900;71;52;80;154;30;17;1;1;0;0;0;0;30.67;34.98;9.5;435.75;25;-400;1743;6972;7843.5;8715;10458
68;Trafinoglu;202;1000;5050;14750;81;63;58;140;39;19;4;0;0;0;0;0;25;40.1;2.64;353.5;25;1025;1414;5656;6363;7070;8484
69;LeBasilicain;201;-1175;7725;20800;67;73;61;157;27;15;1;1;0;0;0;0;38.43;33.33;10.25;540.75;25;-1150;2163;8652;9733.5;10815;12978
70;iaia;199;-150;5400;14550;75;65;59;154;23;20;2;0;0;0;0;0;27.14;37.69;10.19;378;25;-125;1512;6048;6804;7560;9072
71;ddr3ssd;196;100;4900;13800;75;70;51;153;30;11;1;0;1;0;0;0;25;38.27;6.12;343;25;125;1372;5488;6174;6860;8232
72;alinou53;195;-900;9600;26000;66;61;68;150;30;13;1;1;0;0;0;0;49.23;33.85;9.72;672;25;-875;2688;10752;12096;13440;16128
73;LoosIi;193;-2425;8675;22400;58;60;75;153;28;10;2;0;0;0;0;0;44.95;30.05;13.93;607.25;25;-2400;2429;9716;10930.5;12145;14574
74;Briand19;190;-1250;5950;15750;55;80;55;147;28;14;1;0;0;0;0;0;31.32;28.95;11.76;416.5;25;-1225;1666;6664;7497;8330;9996
75;PaKaiKai;188;-1500;9400;25000;65;70;53;147;31;7;2;1;0;0;0;0;50;34.57;11.35;658;25;-1475;2632;10528;11844;13160;15792
76;tonyno gypsi;187;-1025;6325;17700;52;58;77;138;32;13;4;0;0;0;0;0;33.82;27.81;6.72;442.75;25;-1000;1771;7084;7969.5;8855;10626
77;Vincejj;186;-75;5925;16500;77;50;59;143;29;11;2;1;0;0;0;0;31.85;41.4;7.17;414.75;25;-50;1659;6636;7465.5;8295;9954
78;NadineRomano;186;-425;8725;23400;67;75;44;143;29;11;3;0;0;0;0;0;46.91;36.02;10.6;610.75;25;-400;2443;9772;10993.5;12215;14658
79;CrazyCris;186;50;5350;14350;69;77;40;142;29;14;1;0;0;0;0;0;28.76;37.1;10.59;374.5;25;75;1498;5992;6741;7490;8988
80;tetelle62;185;-425;5225;13450;67;59;59;152;25;6;1;1;0;0;0;0;28.24;36.22;14.19;365.75;25;-400;1463;5852;6583.5;7315;8778
81;RIEPPP;184;900;6350;17750;73;56;55;130;36;16;2;0;0;0;0;0;34.51;39.67;6.82;444.5;25;925;1778;7112;8001;8890;10668
82;riverkid3084;182;-500;4650;12250;64;58;60;138;30;14;0;0;0;0;0;0;25.55;35.16;12.19;325.5;25;-475;1302;5208;5859;6510;7812
83;munegu57;180;675;6425;17100;73;50;57;136;29;14;1;0;0;0;0;0;35.69;40.56;11.28;449.75;25;700;1799;7196;8095.5;8995;10794
84;la_pin_ce;180;-750;4500;11800;57;63;60;137;30;13;0;0;0;0;0;0;25;31.67;12.59;315;25;-725;1260;5040;5670;6300;7560
85;EtBoOoOm15;179;-100;5350;13950;70;58;51;142;27;9;0;1;0;0;0;0;29.89;39.11;13.08;374.5;25;-75;1498;5992;6741;7490;8988
86;ju-up04;178;-775;4825;12500;62;53;63;133;36;8;1;0;0;0;0;0;27.11;34.83;13.64;337.75;25;-750;1351;5404;6079.5;6755;8106
87;V1rOgn3;174;1475;5675;16100;68;47;59;130;34;9;0;0;1;0;0;0;32.61;39.08;5.43;397.25;25;1500;1589;6356;7150.5;7945;9534
88;alicia1204;173;-175;4525;11900;61;59;53;130;35;7;1;0;0;0;0;0;26.16;35.26;12.34;316.75;25;-150;1267;5068;5701.5;6335;7602
89;needfrench;172;-1550;7300;18700;52;61;59;138;21;11;2;0;0;0;0;0;42.44;30.23;14.61;511;25;-1525;2044;8176;9198;10220;12264
90;TopGunJTs;169;775;4225;11300;72;48;49;128;27;13;1;0;0;0;0;0;25;42.6;10.85;295.75;25;800;1183;4732;5323.5;5915;7098
91;Drachno;166;-450;7150;17900;60;56;50;138;17;9;2;0;0;0;0;0;43.07;36.14;16.55;500.5;25;-425;2002;8008;9009;10010;12012
92;Gini2a;166;2700;6900;20300;69;62;35;121;35;9;0;0;1;0;0;0;41.57;41.57;1.93;483;25;2725;1932;7728;8694;9660;11592
93;nisharko;164;-325;4275;11250;60;55;49;128;21;14;1;0;0;0;0;0;26.07;36.59;12.28;299.25;25;-300;1197;4788;5386.5;5985;7182
94;jerome83;162;-450;4100;10150;58;49;55;135;18;8;1;0;0;0;0;0;25.31;35.8;17.48;287;25;-425;1148;4592;5166;5740;6888
95;raunopehka;161;275;4025;11000;61;48;52;119;27;14;1;0;0;0;0;0;25;37.89;8.9;281.75;25;300;1127;4508;5071.5;5635;6762
96;MrSebou;160;525;7675;21600;63;52;45;120;22;15;3;0;0;0;0;0;47.97;39.38;6.19;537.25;25;550;2149;8596;9670.5;10745;12894
97;DesperHate;160;-200;8000;21100;59;59;42;124;25;9;2;0;0;0;0;0;50;36.88;12.08;560;25;-175;2240;8960;10080;11200;13440
98;PAN PAN QQ;160;-150;7800;22200;57;58;45;114;27;17;2;0;0;0;0;0;48.75;35.62;5.13;546;25;-125;2184;8736;9828;10920;13104
99;WALYANISW;159;-50;4250;10850;66;41;52;127;19;13;0;0;0;0;0;0;26.73;41.51;14.9;297.5;25;-25;1190;4760;5355;5950;7140
100;GetZao;158;-100;3950;10300;63;59;36;122;28;6;2;0;0;0;0;0;25;39.87;13.08;276.5;25;-75;1106;4424;4977;5530;6636
101;MeisterLampe;158;-700;3950;9950;51;71;36;128;21;8;1;0;0;0;0;0;25;32.28;16.03;276.5;0;-700;1106;4424;4977;5530;6636
102;PouRiToSs67;157;-1175;4425;11600;47;43;67;119;28;10;0;0;0;0;0;0;28.18;29.94;12.62;309.75;0;-1175;1239;4956;5575.5;6195;7434
103;isolab;157;-450;5350;14050;58;41;58;124;21;9;3;0;0;0;0;0;34.08;36.94;12.46;374.5;0;-450;1498;5992;6741;7490;8988
104;BoardGGeek;156;100;4200;11400;59;47;50;118;22;15;1;0;0;0;0;0;26.92;37.82;9.52;294;0;100;1176;4704;5292;5880;7056
105;MAYFAIRW1K;156;-500;6750;17750;55;44;57;119;23;13;1;0;0;0;0;0;43.27;35.26;12.35;472.5;0;-500;1890;7560;8505;9450;11340
106;gRIPSIKING;155;-75;6975;20250;52;44;59;114;26;11;3;1;0;0;0;0;45;33.55;3.23;488.25;0;-75;1953;7812;8788.5;9765;11718
107;jayjay34990;155;1100;4100;10400;69;38;48;125;24;4;2;0;0;0;0;0;26.45;44.52;15.45;287;0;1100;1148;4592;5166;5740;6888
108;LePardon;155;-400;5150;14200;53;51;51;120;25;8;0;2;0;0;0;0;33.23;34.19;8.09;360.5;0;-400;1442;5768;6489;7210;8652
109;windguru14;154;-1775;4375;11150;37;44;73;122;22;9;1;0;0;0;0;0;28.41;24.03;15.05;306.25;0;-1775;1225;4900;5512.5;6125;7350
110;lhelicoptere;151;-225;3775;10600;49;54;48;110;28;12;0;1;0;0;0;0;25;32.45;6.4;264.25;0;-225;1057;4228;4756.5;5285;6342
111;kalach___;150;-275;5975;15950;46;62;42;114;25;11;0;0;0;0;0;0;39.83;30.67;11.02;418.25;0;-275;1673;6692;7528.5;8365;10038
112;jean77777777;150;-1225;4675;12650;39;58;53;112;22;14;2;0;0;0;0;0;31.17;26;9.8;327.25;0;-1225;1309;5236;5890.5;6545;7854
113;JoOeY sTaRr;149;-525;4675;12650;51;54;44;114;22;12;1;0;0;0;0;0;31.38;34.23;9.8;327.25;0;-525;1309;5236;5890.5;6545;7854
114;Fouinne18;149;-500;4200;11150;56;45;48;107;34;8;0;0;0;0;0;0;28.19;37.58;11.51;294;0;-500;1176;4704;5292;5880;7056
115;le tcho 85;147;100;4550;12700;51;45;51;102;34;10;1;0;0;0;0;0;30.95;34.69;6.96;318.5;0;100;1274;5096;5733;6370;7644
116;finette69;147;-575;4325;11450;45;45;57;110;26;11;0;0;0;0;0;0;29.42;30.61;11.75;302.75;0;-575;1211;4844;5449.5;6055;7266
117;PandaPower;147;-375;4475;11500;50;38;59;115;23;8;1;0;0;0;0;0;30.44;34.01;14.34;313.25;0;-375;1253;5012;5638.5;6265;7518
118;seseeldiablo;146;-300;3650;10250;48;48;50;108;21;15;2;0;0;0;0;0;25;32.88;6.39;255.5;0;-300;1022;4088;4599;5110;6132
119;HUGO BOSS44;146;-25;4225;11050;57;41;48;109;30;7;0;0;0;0;0;0;28.94;39.04;12.82;295.75;0;-25;1183;4732;5323.5;5915;7098
120;KYFFF;142;4400;3550;14300;62;42;38;108;21;12;0;0;0;1;0;0;25;43.66;-34.27;248.5;0;4400;994;3976;4473;4970;5964
121;Sylange73;142;475;5025;13350;50;46;46;109;22;10;1;0;0;0;0;0;35.39;35.21;11.44;351.75;0;475;1407;5628;6331.5;7035;8442
122;LuDa21;141;-625;4325;10850;48;58;35;115;18;7;1;0;0;0;0;0;30.67;34.04;16.38;302.75;0;-625;1211;4844;5449.5;6055;7266
123;HE VOILA;141;-125;3525;9450;49;37;55;107;20;14;0;0;0;0;0;0;25;34.75;10.64;246.75;0;-125;987;3948;4441.5;4935;5922
124;xx HPC xx;140;950;4200;12700;51;38;51;95;28;15;2;0;0;0;0;0;30;36.43;-0.79;294;0;950;1176;4704;5292;5880;7056
125;-AAKK-CRIM66;140;650;4050;11350;56;47;37;96;35;7;2;0;0;0;0;0;28.93;40;6.58;283.5;0;650;1134;4536;5103;5670;6804
126;SuperBaf.bad;139;-800;4300;11050;41;56;42;110;18;9;2;0;0;0;0;0;30.94;29.5;14.34;301;0;-800;1204;4816;5418;6020;7224
127;Pink_Devil;139;275;3475;10150;49;60;30;101;21;15;1;1;0;0;0;0;25;35.25;2.64;243.25;0;275;973;3892;4378.5;4865;5838
128;KING11400;139;250;4400;11400;56;40;43;102;30;7;0;0;0;0;0;0;31.65;40.29;13.64;308;0;250;1232;4928;5544;6160;7392
129;Fish6259;139;75;4975;13250;54;48;37;108;20;9;2;0;0;0;0;0;35.79;38.85;11.22;348.25;0;75;1393;5572;6268.5;6965;8358
130;Julvar2210;136;-550;4400;11850;45;33;58;100;29;6;0;1;0;0;0;0;32.35;33.09;10.23;308;0;-550;1232;4928;5544;6160;7392
131;Luis.Bekhti;135;-825;3525;9200;37;51;47;108;15;10;2;0;0;0;0;0;26.11;27.41;13;246.75;0;-825;987;3948;4441.5;4935;5922
132;elchapoguzma;135;-150;4150;11150;52;41;42;101;22;12;0;0;0;0;0;0;30.74;38.52;10.44;290.5;0;-150;1162;4648;5229;5810;6972
133;home2lombre;135;-750;3950;9550;44;46;45;113;16;5;1;0;0;0;0;0;29.26;32.59;19.41;276.5;0;-750;1106;4424;4977;5530;6636
134;fario69;133;150;3650;10050;48;55;30;99;26;7;0;1;0;0;0;0;27.44;36.09;8.22;255.5;0;150;1022;4088;4599;5110;6132
135;Poker_Dz;133;25;4325;11950;49;34;50;103;15;15;0;0;0;0;0;0;32.52;36.84;7.9;302.75;0;25;1211;4844;5449.5;6055;7266
136;isata;131;-125;5775;15450;47;46;38;99;21;10;1;0;0;0;0;0;44.08;35.88;10.82;404.25;0;-125;1617;6468;7276.5;8085;9702
137;D.RIOLO;130;250;6050;15900;53;40;37;98;24;8;0;0;0;0;0;0;46.54;40.77;12.4;423.5;0;250;1694;6776;7623;8470;10164
138;ACE02;130;550;6350;16200;48;29;53;105;16;8;1;0;0;0;0;0;48.85;36.92;14.96;444.5;0;550;1778;7112;8001;8890;10668
139;MorX13;130;-75;3975;10450;53;36;41;99;22;9;0;0;0;0;0;0;30.58;40.77;12.37;278.25;0;-75;1113;4452;5008.5;5565;6678
140;T0p_sHaRcK;129;-525;3425;8850;45;40;44;101;21;7;0;0;0;0;0;0;26.55;34.88;13.87;239.75;0;-525;959;3836;4315.5;4795;5754
141;Cocohen;129;-275;3225;8400;45;58;26;97;27;4;1;0;0;0;0;0;25;34.88;13.18;225.75;0;-275;903;3612;4063.5;4515;5418
142;jojolebedo;129;-1175;3775;9950;39;42;48;95;25;9;0;0;0;0;0;0;29.26;30.23;12.14;264.25;0;-1175;1057;4228;4756.5;5285;6342
143;WSOPMONACO;128;325;4625;13650;45;40;43;85;28;12;3;0;0;0;0;0;36.13;35.16;1.62;323.75;0;325;1295;5180;5827.5;6475;7770
144;Amine1008;127;-25;4125;10700;52;30;45;98;17;11;1;0;0;0;0;0;32.48;40.94;13.54;288.75;0;-25;1155;4620;5197.5;5775;6930
145;yves kylian;127;50;3900;11100;50;43;34;93;19;13;2;0;0;0;0;0;30.71;39.37;5.13;273;0;50;1092;4368;4914;5460;6552
146;Tinitouns31;127;175;3175;8100;55;25;47;99;21;7;0;0;0;0;0;0;25;43.31;14.96;222.25;0;175;889;3556;4000.5;4445;5334
147;furtif37;125;-225;3325;8900;43;25;57;90;30;4;1;0;0;0;0;0;26.6;34.4;10.78;232.75;0;-225;931;3724;4189.5;4655;5586
148;MALCHIDIEL;125;425;3125;8400;53;31;41;94;19;12;0;0;0;0;0;0;25;42.4;10.4;218.75;0;425;875;3500;3937.5;4375;5250
149;pepsifred;124;-650;4750;13500;38;46;40;90;24;8;1;1;0;0;0;0;38.31;30.65;5.26;332.5;0;-650;1330;5320;5985;6650;7980
150;luish_f;124;750;5500;16600;42;37;45;89;18;14;2;0;1;0;0;0;44.35;33.87;-0.61;385;0;750;1540;6160;6930;7700;9240
151;Jphi84;123;-1375;3575;8650;37;53;33;100;20;3;0;0;0;0;0;0;29.07;30.08;19.35;250.25;0;-1375;1001;4004;4504.5;5005;6006
152;Janua;123;325;3075;8250;50;35;38;91;24;7;1;0;0;0;0;0;25;40.65;10.57;215.25;0;325;861;3444;3874.5;4305;5166
153;lavidaLoca.;123;950;5300;13950;51;39;33;92;23;8;0;0;0;0;0;0;43.09;41.46;12.26;371;0;950;1484;5936;6678;7420;8904
154;nordin11;122;250;3900;11450;43;34;45;88;24;7;3;0;0;0;0;0;31.97;35.25;2.14;273;0;250;1092;4368;4914;5460;6552
155;Kd2412;122;-150;3350;9100;43;37;42;95;16;9;2;0;0;0;0;0;27.46;35.25;9.45;234.5;0;-150;938;3752;4221;4690;5628
156;cedroc38;121;-575;3825;9950;46;37;38;95;20;4;2;0;0;0;0;0;31.61;38.02;13.29;267.75;0;-575;1071;4284;4819.5;5355;6426
157;David Machad;121;-575;3175;9200;36;33;52;80;28;12;1;0;0;0;0;0;26.24;29.75;3.41;222.25;0;-575;889;3556;4000.5;4445;5334
158;Boubil59;120;200;3700;9600;44;41;35;91;18;10;1;0;0;0;0;0;30.83;36.67;13.51;259;0;200;1036;4144;4662;5180;6216
159;Acacias35;119;-700;3550;9400;35;42;42;92;19;7;1;0;0;0;0;0;29.83;29.41;11.74;248.5;0;-700;994;3976;4473;4970;5964
160;metis974reun;119;-575;3275;8250;36;36;47;94;17;8;0;0;0;0;0;0;27.52;30.25;16.03;229.25;0;-575;917;3668;4126.5;4585;5502
161;kikerced;118;-700;3000;7500;36;38;44;93;20;5;0;0;0;0;0;0;25.42;30.51;16.67;210;0;-700;840;3360;3780;4200;5040
162;chrismaboul;118;-100;3800;9600;45;35;38;90;23;4;1;0;0;0;0;0;32.2;38.14;15.79;266;0;-100;1064;4256;4788;5320;6384
163;sergio2903;118;625;4725;14150;44;31;43;85;18;14;0;1;0;0;0;0;40.04;37.29;0.18;330.75;0;625;1323;5292;5953.5;6615;7938
164;LENNY2610;117;-1650;5450;13450;34;42;41;97;14;6;0;0;0;0;0;0;46.58;29.06;17.74;381.5;0;-1650;1526;6104;6867;7630;9156
165;squali44;117;-475;3625;10000;35;55;27;95;17;3;1;0;1;0;0;0;30.98;29.91;8.05;253.75;0;-475;1015;4060;4567.5;5075;6090
166;dalidache666;117;-600;5650;14450;40;33;44;92;18;7;0;0;0;0;0;0;48.29;34.19;14.75;395.5;0;-600;1582;6328;7119;7910;9492
167;jiv72;116;-1000;3250;8750;34;35;47;85;22;9;0;0;0;0;0;0;28.02;29.31;10.26;227.5;0;-1000;910;3640;4095;4550;5460
168;raphhou;115;225;3975;10300;46;31;38;91;16;8;0;0;0;0;0;0;34.57;40;13.63;278.25;0;225;1113;4452;5008.5;5565;6678
169;Linski;114;-175;3625;9750;37;36;41;89;16;8;0;1;0;0;0;0;31.8;32.46;10.34;253.75;0;-175;1015;4060;4567.5;5075;6090
170;LoicACC;114;700;2900;9100;45;41;28;87;16;9;1;0;1;0;0;0;25.44;39.47;-4.6;203;0;700;812;3248;3654;4060;4872
171;sdegriver;114;150;3150;8850;44;32;38;82;23;8;1;0;0;0;0;0;27.63;38.6;6.35;220.5;0;150;882;3528;3969;4410;5292
172;fbi86;114;-550;3300;9350;36;37;41;82;21;10;1;0;0;0;0;0;28.95;31.58;5.56;231;0;-550;924;3696;4158;4620;5544
173;Nonassis;114;-625;4275;11250;39;37;38;85;19;9;1;0;0;0;0;0;37.5;34.21;12.28;299.25;0;-625;1197;4788;5386.5;5985;7182
174;LOLODOUM;113;-75;3825;9700;42;28;43;88;18;7;0;0;0;0;0;0;33.85;37.17;15.47;267.75;0;-75;1071;4284;4819.5;5355;6426
175;Jango-fett;113;0;4900;13200;37;25;51;87;15;11;0;0;0;0;0;0;43.36;32.74;10.2;343;0;0;1372;5488;6174;6860;8232
176;jeffou93;112;-375;4725;11350;43;31;38;92;16;4;0;0;0;0;0;0;42.19;38.39;19.93;330.75;0;-375;1323;5292;5953.5;6615;7938
177;inaya55;112;-150;3200;9300;43;34;35;81;16;13;2;0;0;0;0;0;28.57;38.39;3.12;224;0;-150;896;3584;4032;4480;5376
178;Our New Home;112;400;2800;7650;40;45;27;88;13;8;3;0;0;0;0;0;25;35.71;8.93;196;0;400;784;3136;3528;3920;4704
179;jonah83;112;-650;4050;12000;33;46;33;79;23;8;1;1;0;0;0;0;36.16;29.46;1.23;283.5;0;-650;1134;4536;5103;5670;6804
180;-YaYa-33;111;-250;5550;14400;40;42;29;89;13;8;1;0;0;0;0;0;50;36.04;13.51;388.5;0;-250;1554;6216;6993;7770;9324
181;4betspew;111;-100;5100;14250;41;37;33;79;20;11;1;0;0;0;0;0;45.95;36.94;6.86;357;0;-100;1428;5712;6426;7140;8568
182;YAMA1600;111;-400;3850;9550;42;41;28;91;13;6;1;0;0;0;0;0;34.68;37.84;17.32;269.5;0;-400;1078;4312;4851;5390;6468
183;Sandyge83;110;-450;3000;8600;35;29;46;73;28;9;0;0;0;0;0;0;27.27;31.82;4.44;210;0;-450;840;3360;3780;4200;5040
184;RiVeRShArK15;110;-825;3275;8250;33;37;40;86;17;7;0;0;0;0;0;0;29.77;30;16.03;229.25;0;-825;917;3668;4126.5;4585;5502
185;Philip81100;110;150;3400;10500;38;32;40;74;19;16;1;0;0;0;0;0;30.91;34.55;-2.94;238;0;150;952;3808;4284;4760;5712
186;panditueur;110;-125;2775;6800;45;26;39;90;15;5;0;0;0;0;0;0;25.23;40.91;18.32;194.25;0;-125;777;3108;3496.5;3885;4662
187;lekeus;109;250;4700;12700;42;27;40;81;20;8;0;0;0;0;0;0;43.12;38.53;9.93;329;0;250;1316;5264;5922;6580;7896
188;Waaouuuuh;109;-75;2725;7300;40;40;29;83;15;11;0;0;0;0;0;0;25;36.7;10.7;190.75;0;-75;763;3052;3433.5;3815;4578
189;Birdyyy;108;-550;2700;7200;32;43;33;77;26;5;0;0;0;0;0;0;25;29.63;11.11;189;0;-550;756;3024;3402;3780;4536
190;COLIN2;108;-475;2875;7550;32;39;37;81;19;8;0;0;0;0;0;0;26.62;29.63;12.46;201.25;0;-475;805;3220;3622.5;4025;4830
191;PASCAL 1963;108;-100;2800;6950;43;40;25;88;14;6;0;0;0;0;0;0;25.93;39.81;17.26;196;0;-100;784;3136;3528;3920;4704
192;Kara6724;108;-1100;2900;7200;29;35;44;86;17;5;0;0;0;0;0;0;26.85;26.85;17.24;203;0;-1100;812;3248;3654;4060;4872
193;Juninho38i;107;1100;2750;7950;46;34;27;75;22;9;0;1;0;0;0;0;25.7;42.99;3.64;192.5;0;1100;770;3080;3465;3850;4620
194;IRONheart;106;400;2700;8100;45;37;24;80;13;11;0;2;0;0;0;0;25.47;42.45;0;189;0;400;756;3024;3402;3780;4536
195;Kool4337;105;-225;2625;6800;36;34;35;82;15;8;0;0;0;0;0;0;25;34.29;13.65;183.75;0;-225;735;2940;3307.5;3675;4410
196;Pierreisska;105;-750;4100;11550;35;27;43;76;19;8;2;0;0;0;0;0;39.05;33.33;6.1;287;0;-750;1148;4592;5166;5740;6888
197;INNERVISION;104;-500;3000;8450;27;35;42;79;18;4;3;0;0;0;0;0;28.85;25.96;6.11;210;0;-500;840;3360;3780;4200;5040
198;talavante;104;250;3450;9100;40;43;21;78;18;7;1;0;0;0;0;0;33.17;38.46;12.08;241.5;0;250;966;3864;4347;4830;5796
199;ApAcHe&Co;104;-425;2675;8150;29;29;46;66;22;15;1;0;0;0;0;0;25.72;27.88;-1.56;187.25;0;-425;749;2996;3370.5;3745;4494
200;royale47;103;-475;2675;7050;31;36;36;75;24;3;1;0;0;0;0;0;25.97;30.1;12.15;187.25;0;-475;749;2996;3370.5;3745;4494
201;comentonjoue;103;-500;2800;7400;34;38;31;77;20;4;2;0;0;0;0;0;27.18;33.01;11.9;196;0;-500;784;3136;3528;3920;4704
202;leldorado;102;-200;3250;8250;38;33;31;78;20;4;0;0;0;0;0;0;31.86;37.25;15.38;227.5;0;-200;910;3640;4095;4550;5460
203;allattin59;102;300;4600;12800;35;29;38;75;18;8;1;0;0;0;0;0;45.1;34.31;7.25;322;0;300;1288;5152;5796;6440;7728
204;Lanesthesist;101;-1025;3925;10400;29;37;35;77;14;9;1;0;0;0;0;0;38.86;28.71;11.68;274.75;0;-1025;1099;4396;4945.5;5495;6594
205;Blackiller00;101;-450;3350;8200;33;28;40;84;11;6;0;0;0;0;0;0;33.17;32.67;18.41;234.5;0;-450;938;3752;4221;4690;5628
206;WERZOU;101;-225;3275;9600;30;29;42;72;16;13;0;0;0;0;0;0;32.43;29.7;2.29;229.25;0;-225;917;3668;4126.5;4585;5502
207;-Mr Mojo-;101;-275;2525;6500;37;35;29;79;15;7;0;0;0;0;0;0;25;36.63;14.19;176.75;0;-275;707;2828;3181.5;3535;4242
208;BurjAlArab;100;-300;3650;9700;32;30;38;77;14;8;1;0;0;0;0;0;36.5;32;11.42;255.5;0;-300;1022;4088;4599;5110;6132
209;macssime;100;-600;3050;8050;35;25;40;75;20;3;2;0;0;0;0;0;30.5;35;12.02;213.5;0;-600;854;3416;3843;4270;5124
210;djus06;100;-875;3025;9050;28;38;34;76;16;6;1;1;0;0;0;0;30.25;28;0.28;211.75;0;-875;847;3388;3811.5;4235;5082
