rank;playerName;expressoNb;profit;totalBuyin;totalJackpot;places1;places2;places3;totalX2;totalX4;totalX6;totalX10;totalX20;totalX50;totalX200;totalX1000;totalX10000;averageBuyin;itmPercent;effectiveRake;totalRake;challengePrize;profitPostChall;miles;milesD3;milesD4;milesD5;milesRedD
1;ChildCZ;1891;575;47275;125900;718;644;529;1442;299;141;7;2;0;0;0;0;25;37.97;11.23;3309.25;2250;2825;13237;52948;59566.5;66185;79422
2;BetterCallMe;1787;-4650;59000;157350;611;604;572;1366;286;116;16;3;0;0;0;0;33.02;34.19;11.1;4130;1500;-3150;16520;66080;74340;82600;99120
3;Hey_Jude;1558;1950;38950;105800;569;552;437;1181;253;113;7;3;1;0;0;0;25;36.52;9.46;2726.5;1000;2950;10906;43624;49077;54530;65436
4;ShAAAlom;1272;-4200;31800;84650;439;494;339;990;202;63;15;1;1;0;0;0;25;34.51;11.27;2226;750;-3450;8904;35616;40068;44520;53424
5;Le Audrius;1255;2725;62725;173050;480;413;362;941;205;95;12;1;1;0;0;0;49.98;38.25;8.04;4390.75;500;3225;17563;70252;79033.5;87815;105378
6;Anjuna 7;813;2675;40275;109150;309;315;189;607;134;67;5;0;0;0;0;0;49.54;38.01;9.66;2819.25;375;3050;11277;45108;50746.5;56385;67662
7;robob;778;-150;19450;52200;299;258;221;588;127;59;3;1;0;0;0;0;25;38.43;10.54;1361.5;375;225;5446;21784;24507;27230;32676
8;oldhandfishh;739;375;23275;63200;273;257;209;559;115;59;6;0;0;0;0;0;31.5;36.94;9.49;1629.25;225;600;6517;26068;29326.5;32585;39102
9;Bambino4;673;22675;16825;71750;268;247;158;491;123;51;5;2;0;0;1;0;25;39.82;-42.15;1177.75;225;22900;4711;18844;21199.5;23555;28266
10;BigBetTheory;652;-750;18550;48700;245;193;214;520;88;40;3;0;1;0;0;0;28.45;37.58;12.49;1298.5;225;-525;5194;20776;23373;25970;31164
11;Fishosaurex;626;-1850;15950;42850;205;198;223;477;95;48;6;0;0;0;0;0;25.48;32.75;10.45;1116.5;150;-1700;4466;17864;20097;22330;26796
12;BanFromPluto;614;-225;20475;56000;220;183;211;469;96;41;7;0;1;0;0;0;33.35;35.83;8.83;1433.25;150;-75;5733;22932;25798.5;28665;34398
13;Akhym94;592;-1500;24100;64050;213;202;177;451;90;46;4;1;0;0;0;0;40.71;35.98;11.41;1687;150;-1350;6748;26992;30366;33740;40488
14;steve-larnaq;588;-50;14700;40200;204;187;197;436;105;41;5;1;0;0;0;0;25;34.69;8.84;1029;150;100;4116;16464;18522;20580;24696
15;KYFFF;581;-625;14525;38700;197;163;221;445;85;48;3;0;0;0;0;0;25;33.91;11.19;1016.75;150;-475;4067;16268;18301.5;20335;24402
16;RagazzaBella;566;-6675;28275;73150;173;146;247;445;82;36;3;0;0;0;0;0;49.96;30.57;13.76;1979.25;75;-6600;7917;31668;35626.5;39585;47502
17;windguru14;557;875;16875;44250;219;156;182;417;101;37;2;0;0;0;0;0;30.3;39.32;12.59;1181.25;75;950;4725;18900;21262.5;23625;28350
18;HanK_HulaY;513;250;13050;34850;198;168;147;393;77;37;6;0;0;0;0;0;25.44;38.6;10.98;913.5;75;325;3654;14616;16443;18270;21924
19;NiKOuMOuK55;506;-1350;12650;34500;168;176;162;382;83;34;6;1;0;0;0;0;25;33.2;9.09;885.5;75;-1275;3542;14168;15939;17710;21252
20;Le0nArdA;489;4500;18250;51850;196;127;166;368;80;36;3;1;1;0;0;0;37.32;40.08;5.3;1277.5;75;4575;5110;20440;22995;25550;30660
21;COR.Maniac;479;-125;11975;36400;168;161;150;363;84;29;2;0;0;1;0;0;25;35.07;-1.32;838.25;75;-50;3353;13412;15088.5;16765;20118
22;XxpoloxX;456;3100;13750;41350;156;137;163;352;74;25;3;1;0;1;0;0;30.15;34.21;-0.24;962.5;75;3175;3850;15400;17325;19250;23100
23;kikerced;454;-800;12150;33150;154;148;152;345;75;28;4;2;0;0;0;0;26.76;33.92;9.05;850.5;75;-725;3402;13608;15309;17010;20412
24;Drachno;437;4350;21850;60000;188;130;119;319;81;33;4;0;0;0;0;0;50;43.02;8.47;1529.5;75;4425;6118;24472;27531;30590;36708
25;LucAS nOOb;428;-25;17775;48900;158;163;107;324;68;29;6;1;0;0;0;0;41.53;36.92;8.3;1244.25;75;50;4977;19908;22396.5;24885;29862
26;SOUS RIRE;417;-1025;14475;39550;142;119;156;308;69;37;3;0;0;0;0;0;34.71;34.05;8.92;1013.25;50;-975;4053;16212;18238.5;20265;24318
27;KELIAN2704;415;-625;16575;45150;143;119;153;325;51;35;3;1;0;0;0;0;39.94;34.46;9.2;1160.25;50;-575;4641;18564;20884.5;23205;27846
28;piz55;411;-800;14800;40350;144;124;143;307;73;26;4;1;0;0;0;0;36.01;35.04;9.12;1036;50;-750;4144;16576;18648;20720;24864
29;Petonbet;409;925;12575;33650;160;131;118;311;59;37;2;0;0;0;0;0;30.75;39.12;10.8;880.25;50;975;3521;14084;15844.5;17605;21126
30;shipthatrAce;406;-200;20300;54200;149;134;123;309;62;33;2;0;0;0;0;0;50;36.7;11;1421;50;-150;5684;22736;25578;28420;34104
31;LeBasilicain;400;-1775;13625;36600;130;133;137;299;69;29;3;0;0;0;0;0;34.06;32.5;10.46;953.75;50;-1725;3815;15260;17167.5;19075;22890
32;charivari1;393;1125;10275;51450;142;153;98;315;55;18;4;0;0;0;1;0;26.15;36.13;-66.91;719.25;50;1175;2877;11508;12946.5;14385;17262
33;ApplecAre69;390;-950;9750;27000;113;181;96;296;66;24;3;0;1;0;0;0;25;28.97;7.69;682.5;50;-900;2730;10920;12285;13650;16380
34;Kusse-Kurt;387;-1400;12600;34050;136;134;117;298;55;30;4;0;0;0;0;0;32.56;35.14;9.92;882;50;-1350;3528;14112;15876;17640;21168
35;jiv72;385;0;10100;27300;144;88;153;288;64;30;3;0;0;0;0;0;26.23;37.4;9.9;707;50;50;2828;11312;12726;14140;16968
36;TOUFIK76;384;-1200;16400;41700;134;134;116;310;50;21;3;0;0;0;0;0;42.71;34.9;15.24;1148;50;-1150;4592;18368;20664;22960;27552
37;Messi 17000;383;-2975;18125;49100;117;137;129;291;57;31;4;0;0;0;0;0;47.32;30.55;9.7;1268.75;50;-2925;5075;20300;22837.5;25375;30450
38;S0nic4F1sh;377;-175;9425;25150;138;129;110;280;70;26;1;0;0;0;0;0;25;36.6;11.05;659.75;50;-125;2639;10556;11875.5;13195;15834
39;cunbrejnaca;376;700;9450;25350;155;119;102;285;67;20;3;1;0;0;0;0;25.13;41.22;10.58;661.5;50;750;2646;10584;11907;13230;15876
40;Volatar2k16;370;-1025;10425;29050;114;137;119;275;61;31;2;1;0;0;0;0;28.18;30.81;7.11;729.75;50;-975;2919;11676;13135.5;14595;17514
42;ddr3ssd;350;-100;8750;23200;126;136;88;263;64;21;2;0;0;0;0;0;25;36;11.62;612.5;50;-50;2450;9800;11025;12250;14700
43;jadenolan;347;75;8675;24500;134;105;108;269;48;25;3;1;1;0;0;0;25;38.62;5.86;607.25;50;125;2429;9716;10930.5;12145;14574
44;jerome83;345;-1025;9775;25050;121;109;115;272;43;30;0;0;0;0;0;0;28.33;35.07;14.58;684.25;50;-975;2737;10948;12316.5;13685;16422
46;Thrillerium;340;-2900;15850;41100;101;114;125;266;54;17;3;0;0;0;0;0;46.62;29.71;13.56;1109.5;50;-2850;4438;17752;19971;22190;26628
48;Ranouna;326;-1700;11900;33200;101;104;121;246;51;25;3;1;0;0;0;0;36.5;30.98;7;833;50;-1650;3332;13328;14994;16660;19992
49;CichyGrzmot;319;-425;7975;20850;115;116;88;250;46;20;3;0;0;0;0;0;25;36.05;12.85;558.25;50;-375;2233;8932;10048.5;11165;13398
50;KAFULL84;310;-2150;11250;28900;93;123;94;249;42;17;2;0;0;0;0;0;36.29;30;14.37;787.5;50;-2100;3150;12600;14175;15750;18900
51;DUCKYMUCK;308;-800;7700;20600;103;127;78;240;45;19;3;1;0;0;0;0;25;33.44;10.82;539;25;-775;2156;8624;9702;10780;12936
52;Chris5751575;303;-300;8350;22350;108;103;92;223;61;18;1;0;0;0;0;0;27.56;35.64;10.78;584.5;25;-275;2338;9352;10521;11690;14028
53;megapitch;300;-1150;10250;27400;107;118;75;235;41;21;3;0;0;0;0;0;34.17;35.67;10.89;717.5;25;-1125;2870;11480;12915;14350;17220
54;Oxymus;299;-525;8925;24200;100;96;103;225;50;20;4;0;0;0;0;0;29.85;33.44;9.62;624.75;25;-500;2499;9996;11245.5;12495;14994
55;01sharky01;294;175;7375;19700;111;83;100;226;51;13;3;1;0;0;0;0;25.09;37.76;10.96;516.25;25;200;2065;8260;9292.5;10325;12390
56;M.G51;294;-600;8450;22950;104;97;93;220;50;22;2;0;0;0;0;0;28.74;35.37;9.47;591.5;25;-575;2366;9464;10647;11830;14196
57;Ryan33710;293;-700;7650;20050;101;115;77;227;43;21;2;0;0;0;0;0;26.11;34.47;12.64;535.5;25;-675;2142;8568;9639;10710;12852
58;Metct et mat;290;-775;7425;19250;107;91;92;222;50;17;1;0;0;0;0;0;25.6;36.9;13.58;519.75;25;-750;2079;8316;9355.5;10395;12474
59;macssime;289;-1600;11500;31550;92;95;102;217;45;24;3;0;0;0;0;0;39.79;31.83;8.55;805;25;-1575;3220;12880;14490;16100;19320
60;Lamigraine69;280;900;7100;19800;111;101;68;209;42;23;6;0;0;0;0;0;25.36;39.64;7.04;497;25;925;1988;7952;8946;9940;11928
61;Milan&Ines;272;575;8475;23050;105;95;72;202;48;21;1;0;0;0;0;0;31.16;38.6;9.34;593.25;25;600;2373;9492;10678.5;11865;14238
62;LENNY2610;269;-2675;12425;36650;88;97;84;216;29;21;1;0;2;0;0;0;46.19;32.71;1.68;869.75;25;-2650;3479;13916;15655.5;17395;20874
63;Alviistar2.0;269;-50;7500;19650;92;91;86;205;47;16;1;0;0;0;0;0;27.88;34.2;12.67;525;25;-25;2100;8400;9450;10500;12600
64;alinou53;267;-625;8425;22500;90;71;106;199;45;23;0;0;0;0;0;0;31.55;33.71;10.98;589.75;25;-600;2359;9436;10615.5;11795;14154
65;_Mosquito_;266;-500;6650;18500;92;119;55;198;42;21;5;0;0;0;0;0;25;34.59;7.27;465.5;25;-475;1862;7448;8379;9310;11172
66;bobich44;259;1475;9075;25150;97;78;84;194;40;21;4;0;0;0;0;0;35.04;37.45;7.62;635.25;25;1500;2541;10164;11434.5;12705;15246
67;Taaj3314;258;125;6575;17500;95;72;91;195;42;20;1;0;0;0;0;0;25.48;36.82;11.28;460.25;25;150;1841;7364;8284.5;9205;11046
68;isa127;255;-1775;8775;23700;81;85;89;196;42;15;1;1;0;0;0;0;34.41;31.76;9.97;614.25;25;-1750;2457;9828;11056.5;12285;14742
69;xmen2O1O;255;525;7425;20550;95;84;76;189;35;27;4;0;0;0;0;0;29.12;37.25;7.74;519.75;25;550;2079;8316;9355.5;10395;12474
70;riverkid3084;253;-1450;6400;16600;79;75;99;196;43;13;1;0;0;0;0;0;25.3;31.23;13.54;448;25;-1425;1792;7168;8064;8960;10752
71;Cleman09;251;-600;7000;23200;75;79;97;190;41;19;0;0;0;1;0;0;27.89;29.88;-10.48;490;25;-575;1960;7840;8820;9800;11760
72;titouan888;250;-600;9800;25100;93;71;86;195;42;12;1;0;0;0;0;0;39.2;37.2;14.63;686;25;-575;2744;10976;12348;13720;16464
73;CED02200;247;1950;6350;18500;109;76;62;186;37;21;1;1;1;0;0;0;25.71;44.13;2.89;444.5;25;1975;1778;7112;8001;8890;10668
74;rodrigo88;245;-275;6125;16600;88;88;69;177;49;19;0;0;0;0;0;0;25;35.92;9.66;428.75;25;-250;1715;6860;7717.5;8575;10290
75;wtangw;244;-250;6550;17500;90;74;80;189;36;17;1;1;0;0;0;0;26.84;36.89;10.94;458.5;25;-225;1834;7336;8253;9170;11004
76;VidePocket;243;-675;6175;15550;82;86;75;188;47;8;0;0;0;0;0;0;25.41;33.74;16.06;432.25;25;-650;1729;6916;7780.5;8645;10374
77;stedomaaa;241;375;9675;27000;86;59;96;173;44;23;0;1;0;0;0;0;40.15;35.68;6.98;677.25;25;400;2709;10836;12190.5;13545;16254
78;titcho13;239;-1525;9575;25850;74;105;60;182;37;19;1;0;0;0;0;0;40.06;30.96;10.01;670.25;25;-1500;2681;10724;12064.5;13405;16086
79;Time2call2;238;-800;6200;17150;85;83;70;178;43;12;4;1;0;0;0;0;26.05;35.71;7.8;434;25;-775;1736;6944;7812;8680;10416
80;5massam5;237;-875;11225;28900;78;69;90;191;28;15;3;0;0;0;0;0;47.36;32.91;14.18;785.75;25;-850;3143;12572;14143.5;15715;18858
81;canard nord;237;3250;6800;24450;77;82;78;171;32;30;3;0;0;1;0;0;28.69;32.49;-19.85;476;25;3275;1904;7616;8568;9520;11424
82;adri 1;236;-400;8950;24300;78;64;94;172;41;23;0;0;0;0;0;0;37.92;33.05;9.5;626.5;25;-375;2506;10024;11277;12530;15036
83;Katk;235;375;5875;15650;89;68;78;186;30;14;5;0;0;0;0;0;25;37.87;11.21;411.25;25;400;1645;6580;7402.5;8225;9870
84;Aylov Urwife;234;1225;5875;15950;97;72;65;178;32;22;2;0;0;0;0;0;25.11;41.45;9.5;411.25;25;1250;1645;6580;7402.5;8225;9870
85;lera 33;232;-1725;8025;21700;75;90;67;178;36;14;4;0;0;0;0;0;34.59;32.33;9.87;561.75;25;-1700;2247;8988;10111.5;11235;13482
86;shakalaka;232;-875;9275;25000;80;84;68;173;40;17;2;0;0;0;0;0;39.98;34.48;10.15;649.25;25;-850;2597;10388;11686.5;12985;15582
87;LesProblems;230;-850;10800;28900;77;72;81;166;51;13;0;0;0;0;0;0;46.96;33.48;10.8;756;25;-825;3024;12096;13608;15120;18144
88;Kubilaiii;228;-125;7575;20050;85;94;49;170;43;15;0;0;0;0;0;0;33.22;37.28;11.77;530.25;25;-100;2121;8484;9544.5;10605;12726
89;-Mr Mojo-;228;-1675;5825;15400;64;93;71;174;37;15;2;0;0;0;0;0;25.55;28.07;11.87;407.75;25;-1650;1631;6524;7339.5;8155;9786
90;AnArKine;228;1550;5900;16550;90;66;72;166;39;22;1;0;0;0;0;0;25.88;39.47;6.5;413;25;1575;1652;6608;7434;8260;9912
91;gegepedro;227;-300;7950;20800;90;68;69;180;31;12;4;0;0;0;0;0;35.02;39.65;12.79;556.5;25;-275;2226;8904;10017;11130;13356
92;Tomme tueur;227;1050;11350;29800;89;54;84;176;33;17;1;0;0;0;0;0;50;39.21;12.48;794.5;25;1075;3178;12712;14301;15890;19068
93;jojolebedo;226;2125;6775;19600;92;69;65;167;39;17;2;1;0;0;0;0;29.98;40.71;3.57;474.25;25;2150;1897;7588;8536.5;9485;11382
94;vanvan690;226;550;11150;33100;76;61;89;149;49;25;3;0;0;0;0;0;49.34;33.63;1.05;780.5;25;575;3122;12488;14049;15610;18732
95;Blind_fold;223;675;7725;20500;92;71;60;169;34;20;0;0;0;0;0;0;34.64;41.26;11.54;540.75;25;700;2163;8652;9733.5;10815;12978
96;Jynx Maze;223;-275;6125;15350;88;66;69;176;36;11;0;0;0;0;0;0;27.47;39.46;16.46;428.75;25;-250;1715;6860;7717.5;8575;10290
97;LEJOKERDU92;223;-675;5775;15050;72;72;79;176;29;16;2;0;0;0;0;0;25.9;32.29;13.13;404.25;25;-650;1617;6468;7276.5;8085;9702
98;virgie79;222;-650;6600;18100;79;60;83;163;39;19;1;0;0;0;0;0;29.73;35.59;8.59;462;25;-625;1848;7392;8316;9240;11088
99;TreezyBaby9;218;-750;6100;16550;76;73;69;166;36;15;1;0;0;0;0;0;27.98;34.86;9.56;427;25;-725;1708;6832;7686;8540;10248
100;tharod69;216;-300;5400;14250;80;84;52;159;45;12;0;0;0;0;0;0;25;37.04;12.04;378;25;-275;1512;6048;6804;7560;9072
101;_StrongBaby_;212;275;5325;14950;84;67;61;161;31;15;4;1;0;0;0;0;25.12;39.62;6.42;372.75;0;275;1491;5964;6709.5;7455;8946
102;fafou1981;211;-425;5275;15300;72;55;84;148;42;18;2;1;0;0;0;0;25;34.12;3.32;369.25;0;-425;1477;5908;6646.5;7385;8862
103;WALYANISW;210;-325;5575;16600;72;72;66;156;33;19;0;1;1;0;0;0;26.55;34.29;0.75;390.25;0;-325;1561;6244;7024.5;7805;9366
104;LeZizouFou;209;-25;8825;24400;77;86;46;154;37;16;1;1;0;0;0;0;42.22;36.84;7.84;617.75;0;-25;2471;9884;11119.5;12355;14826
105;baby4you;209;225;5225;14150;76;67;66;155;40;11;3;0;0;0;0;0;25;36.36;9.73;365.75;0;225;1463;5852;6583.5;7315;8778
106;Tigrouwood1;207;-975;5175;14100;62;68;77;158;29;17;3;0;0;0;0;0;25;29.95;9.18;362.25;0;-975;1449;5796;6520.5;7245;8694
107;alicia1204;207;-825;5675;15750;77;76;54;160;26;16;5;0;0;0;0;0;27.42;37.2;7.49;397.25;0;-825;1589;6356;7150.5;7945;9534
108;sniper 78;206;-700;5150;13400;73;63;70;159;34;12;1;0;0;0;0;0;25;35.44;13.27;360.5;0;-700;1442;5768;6489;7210;8652
109;Ectosdeblaes;205;550;5350;15050;75;62;68;148;39;15;3;0;0;0;0;0;26.1;36.59;6.23;374.5;0;550;1498;5992;6741;7490;8988
110;Rohnino;204;300;8500;25750;76;61;67;150;35;16;2;0;1;0;0;0;41.67;37.25;-0.98;595;0;300;2380;9520;10710;11900;14280
111;AAnittt22;202;575;5225;15000;84;72;46;145;35;18;4;0;0;0;0;0;25.87;41.58;4.31;365.75;0;575;1463;5852;6583.5;7315;8778
112;tchacacaboom;202;-250;5250;15100;73;60;69;140;40;20;2;0;0;0;0;0;25.99;36.14;4.13;367.5;0;-250;1470;5880;6615;7350;8820
113;NOACH95;202;-850;7250;19700;73;68;61;149;38;13;2;0;0;0;0;0;35.89;36.14;9.43;507.5;0;-850;2030;8120;9135;10150;12180
114;AuteuiL_yaya;202;1200;9450;27750;76;76;50;155;27;17;2;0;1;0;0;0;46.78;37.62;2.12;661.5;0;1200;2646;10584;11907;13230;15876
115;DavidNWA;201;-450;6750;17650;75;62;64;158;28;12;3;0;0;0;0;0;33.58;37.31;12.84;472.5;0;-450;1890;7560;8505;9450;11340
116;MacMalouff;201;775;5325;14950;74;77;50;143;37;20;1;0;0;0;0;0;26.49;36.82;6.42;372.75;0;775;1491;5964;6709.5;7455;8946
117;LAFORCEDU01;200;-250;5300;13650;79;59;62;161;27;8;4;0;0;0;0;0;26.5;39.5;14.15;371;0;-250;1484;5936;6678;7420;8904
118;philippe1365;200;-25;5175;14450;72;63;65;151;26;21;1;1;0;0;0;0;25.88;36;6.92;362.25;0;-25;1449;5796;6520.5;7245;8694
119;jAAfAAl;199;-650;5450;14600;72;72;55;154;30;13;1;1;0;0;0;0;27.39;36.18;10.7;381.5;0;-650;1526;6104;6867;7630;9156
120;enjoz;198;550;5000;13450;77;70;51;150;31;16;1;0;0;0;0;0;25.25;38.89;10.33;350;0;550;1400;5600;6300;7000;8400
121;gaybel;198;425;5425;14800;82;64;52;148;35;13;2;0;0;0;0;0;27.4;41.41;9.06;379.75;0;425;1519;6076;6835.5;7595;9114
122;ShipforBoobs;197;-125;5125;13450;76;64;57;147;38;12;0;0;0;0;0;0;26.02;38.58;12.52;358.75;0;-125;1435;5740;6457.5;7175;8610
123;Don Curioso;196;-750;4900;13650;57;65;74;138;43;13;2;0;0;0;0;0;25;29.08;7.14;343;0;-750;1372;5488;6174;6860;8232
124;Obrado;196;-950;4900;13000;63;52;81;145;38;13;0;0;0;0;0;0;25;32.14;11.56;343;0;-950;1372;5488;6174;6860;8232
125;Sylange_974;195;-850;6100;17500;61;79;55;137;41;14;3;0;0;0;0;0;31.28;31.28;4.37;427;0;-850;1708;6832;7686;8540;10248
126;paschaa0087;195;-325;4875;13100;69;79;47;150;30;14;0;1;0;0;0;0;25;35.38;10.43;341.25;0;-325;1365;5460;6142.5;6825;8190
127;Kehan2212;194;-150;5700;15100;67;51;76;147;35;9;3;0;0;0;0;0;29.38;34.54;11.7;399;0;-150;1596;6384;7182;7980;9576
128;U-fK-MyWife;193;-275;4825;13700;65;72;56;141;32;18;1;1;0;0;0;0;25;33.68;5.35;337.75;0;-275;1351;5404;6079.5;6755;8106
129;ALaRetraite;193;850;9650;26700;74;56;63;143;32;15;3;0;0;0;0;0;50;38.34;7.77;675.5;0;850;2702;10808;12159;13510;16212
130;castorseb;192;1750;8250;23750;75;55;62;133;39;18;2;0;0;0;0;0;42.97;39.06;4.04;577.5;0;1750;2310;9240;10395;11550;13860
131;ti-breton;192;-725;5225;13850;68;46;78;145;34;12;1;0;0;0;0;0;27.21;35.42;11.64;365.75;0;-725;1463;5852;6583.5;7315;8778
132;Nicosinus;192;225;5925;15800;78;58;56;138;44;9;1;0;0;0;0;0;30.86;40.62;11.11;414.75;0;225;1659;6636;7465.5;8295;9954
133;atakcocombre;189;-600;5400;15400;61;69;59;138;29;21;1;0;0;0;0;0;28.57;32.28;4.94;378;0;-600;1512;6048;6804;7560;9072
134;pium;189;-775;5275;14250;63;63;63;143;36;8;1;1;0;0;0;0;27.91;33.33;9.95;369.25;0;-775;1477;5908;6646.5;7385;8862
135;sandkaman;188;-300;4700;12600;64;74;50;144;26;17;1;0;0;0;0;0;25;34.04;10.64;329;0;-300;1316;5264;5922;6580;7896
136;jayjay34990;187;-400;5450;17100;64;59;64;135;33;18;0;0;1;0;0;0;29.14;34.22;-4.59;381.5;0;-400;1526;6104;6867;7630;9156
137;doowie2a;187;-1100;5550;13800;59;62;66;149;28;10;0;0;0;0;0;0;29.68;31.55;17.12;388.5;0;-1100;1554;6216;6993;7770;9324
138;cxin19871026;186;-900;5150;13250;63;64;59;146;27;13;0;0;0;0;0;0;27.69;33.87;14.24;360.5;0;-900;1442;5768;6489;7210;8652
139;-Elu-;185;675;4625;12850;78;54;53;137;28;18;2;0;0;0;0;0;25;42.16;7.39;323.75;0;675;1295;5180;5827.5;6475;7770
140;jasty2k;184;650;4600;12350;76;73;35;138;29;17;0;0;0;0;0;0;25;41.3;10.51;322;0;650;1288;5152;5796;6440;7728
141;home2lombre;184;-350;4600;12250;66;66;52;144;25;12;3;0;0;0;0;0;25;35.87;11.23;322;0;-350;1288;5152;5796;6440;7728
142;PPhenoMNexuS;183;450;5700;15350;76;46;61;135;32;16;0;0;0;0;0;0;31.15;41.53;10.23;399;0;450;1596;6384;7182;7980;9576
143;UdonPowa;182;2125;4825;37950;55;42;85;135;32;12;2;0;0;0;1;0;26.51;30.22;-162.18;337.75;0;2125;1351;5404;6079.5;6755;8106
144;superwingss;181;-175;6925;18350;66;50;65;140;26;13;2;0;0;0;0;0;38.26;36.46;11.67;484.75;0;-175;1939;7756;8725.5;9695;11634
145;Team. 2015;181;425;8375;22100;69;57;55;140;30;9;1;1;0;0;0;0;46.27;38.12;12.04;586.25;0;425;2345;9380;10552.5;11725;14070
146;EpicKind;178;-450;4450;11900;61;63;54;134;32;10;2;0;0;0;0;0;25;34.27;10.86;311.5;0;-450;1246;4984;5607;6230;7476
147;Lapiche;178;50;4450;12100;67;51;60;134;28;14;2;0;0;0;0;0;25;37.64;9.36;311.5;0;50;1246;4984;5607;6230;7476
148;lamagouille;178;-250;6000;15400;72;60;46;140;29;7;2;0;0;0;0;0;33.71;40.45;14.44;420;0;-250;1680;6720;7560;8400;10080
149;SharKKutier;177;-375;4425;12200;58;61;58;128;33;15;1;0;0;0;0;0;25;32.77;8.1;309.75;0;-375;1239;4956;5575.5;6195;7434
150;MrTs222;176;-150;4400;11550;71;66;39;136;27;12;1;0;0;0;0;0;25;40.34;12.5;308;0;-150;1232;4928;5544;6160;7392
151;LoozAmaaX;175;-275;4375;11700;61;63;51;129;33;13;0;0;0;0;0;0;25;34.86;10.86;306.25;0;-275;1225;4900;5512.5;6125;7350
152;Poker_Dz;175;-1100;5250;14100;50;49;76;130;31;13;1;0;0;0;0;0;30;28.57;10.48;367.5;0;-1100;1470;5880;6615;7350;8820
153;-rep-;175;-425;8475;22400;68;48;59;131;35;7;2;0;0;0;0;0;48.43;38.86;11.9;593.25;0;-425;2373;9492;10678.5;11865;14238
154;vr68;174;-425;5325;14250;56;64;54;139;22;11;2;0;0;0;0;0;30.6;32.18;10.8;372.75;0;-425;1491;5964;6709.5;7455;8946
155;elrolls;174;1175;4825;14050;70;56;48;125;30;17;2;0;0;0;0;0;27.73;40.23;2.94;337.75;0;1175;1351;5404;6079.5;6755;8106
156;Chakra 6;174;-150;4550;11950;64;58;52;130;34;9;1;0;0;0;0;0;26.15;36.78;12.45;318.5;0;-150;1274;5096;5733;6370;7644
157;Moreirense7;173;-1200;5050;12600;59;62;52;140;22;9;2;0;0;0;0;0;29.19;34.1;16.83;353.5;0;-1200;1414;5656;6363;7070;8484
158;karigane;173;475;5925;16600;63;40;70;126;27;17;3;0;0;0;0;0;34.25;36.42;6.61;414.75;0;475;1659;6636;7465.5;8295;9954
159;JDOUBLON12;173;-425;4325;11450;57;48;68;133;28;10;2;0;0;0;0;0;25;32.95;11.75;302.75;0;-425;1211;4844;5449.5;6055;7266
160;Touchdown67.;172;-600;4700;13000;55;65;52;131;30;8;2;1;0;0;0;0;27.33;31.98;7.8;329;0;-600;1316;5264;5922;6580;7896
161;audesusenbas;170;-50;4250;11400;65;62;43;126;30;14;0;0;0;0;0;0;25;38.24;10.59;297.5;0;-50;1190;4760;5355;5950;7140
162;zikman38760;169;-475;4375;12000;55;76;38;123;36;9;0;1;0;0;0;0;25.89;32.54;8.57;306.25;0;-475;1225;4900;5512.5;6125;7350
163;bientot60000;169;975;5825;16900;66;44;59;127;28;13;0;0;1;0;0;0;34.47;39.05;3.29;407.75;0;975;1631;6524;7339.5;8155;9786
164;PUISSANCE 21;167;-425;4425;11800;49;65;53;126;24;17;0;0;0;0;0;0;26.5;29.34;11.11;309.75;0;-425;1239;4956;5575.5;6195;7434
165;-LARAFABIAN-;167;-375;5075;14650;61;44;62;125;20;21;0;1;0;0;0;0;30.39;36.53;3.78;355.25;0;-375;1421;5684;6394.5;7105;8526
166;_Lokty_;166;-700;8300;21500;55;53;58;129;27;9;1;0;0;0;0;0;50;33.13;13.65;581;0;-700;2324;9296;10458;11620;13944
167;Benmc24;166;-1100;5600;14050;54;52;60;131;27;8;0;0;0;0;0;0;33.73;32.53;16.37;392;0;-1100;1568;6272;7056;7840;9408
168;PandaPower;166;-1125;6975;18000;54;61;51;130;23;13;0;0;0;0;0;0;42.02;32.53;13.98;488.25;0;-1125;1953;7812;8788.5;9765;11718
169;jp1260;166;1400;5900;19200;57;50;59;119;29;14;3;0;1;0;0;0;35.54;34.34;-8.47;413;0;1400;1652;6608;7434;8260;9912
170;mohamed b;166;950;5700;14500;73;53;40;134;21;9;2;0;0;0;0;0;34.34;43.98;15.2;399;0;950;1596;6384;7182;7980;9576
171;Lampuki Pie;165;225;4425;12050;63;36;66;116;38;11;0;0;0;0;0;0;26.82;38.18;9.23;309.75;0;225;1239;4956;5575.5;6195;7434
172;Jean cule...;165;-350;4650;12800;55;63;47;119;33;12;1;0;0;0;0;0;28.18;33.33;8.24;325.5;0;-350;1302;5208;5859;6510;7812
173;AAnus Etroit;164;-1600;7050;18950;48;50;66;123;29;10;2;0;0;0;0;0;42.99;29.27;10.4;493.5;0;-1600;1974;7896;8883;9870;11844
174;janoli17;164;-1275;5975;15150;54;68;42;130;24;10;0;0;0;0;0;0;36.43;32.93;15.48;418.25;0;-1275;1673;6692;7528.5;8365;10038
175;sancho431;162;-250;4050;11250;54;50;58;118;29;13;2;0;0;0;0;0;25;33.33;7.41;283.5;0;-250;1134;4536;5103;5670;6804
176;MuTuon;162;-1250;6050;17200;47;53;62;115;30;16;1;0;0;0;0;0;37.35;29.01;5.23;423.5;0;-1250;1694;6776;7623;8470;10164
177;YAMA1600;162;-1225;5025;13150;51;64;47;123;29;10;0;0;0;0;0;0;31.02;31.48;12.77;351.75;0;-1225;1407;5628;6331.5;7035;8442
178;SCOFIELD0413;159;1375;4275;13050;72;35;52;118;28;11;0;1;1;0;0;0;26.89;45.28;-1.75;299.25;0;1375;1197;4788;5386.5;5985;7182
179;Gino65;158;375;4125;11150;69;35;54;118;28;11;1;0;0;0;0;0;26.11;43.67;9.9;288.75;0;375;1155;4620;5197.5;5775;6930
180;Addict69;158;150;4050;11050;59;55;44;109;39;10;0;0;0;0;0;0;25.63;37.34;9.05;283.5;0;150;1134;4536;5103;5670;6804
181;EdCercueil;157;250;4750;13150;54;57;46;112;28;17;0;0;0;0;0;0;30.25;34.39;7.72;332.5;0;250;1330;5320;5985;6650;7980
182;Provencal11;157;225;4175;15900;64;53;40;122;21;12;1;0;0;1;0;0;26.59;40.76;-26.95;292.25;0;225;1169;4676;5260.5;5845;7014
183;-TCHETNIK-;157;-225;4225;10900;56;46;55;123;24;9;1;0;0;0;0;0;26.91;35.67;14;295.75;0;-225;1183;4732;5323.5;5915;7098
184;giova06110;155;-175;5875;15300;57;44;54;119;27;8;1;0;0;0;0;0;37.9;36.77;13.19;411.25;0;-175;1645;6580;7402.5;8225;9870
185;truzman;155;-125;5525;14400;55;39;61;119;26;9;1;0;0;0;0;0;35.65;35.48;13.12;386.75;0;-125;1547;6188;6961.5;7735;9282
186;Easyrev;154;25;6225;21300;51;46;57;117;23;12;1;0;0;1;0;0;40.42;33.12;-14.06;435.75;0;25;1743;6972;7843.5;8715;10458
187;Trafinoglu;154;-450;3850;10100;54;60;40;123;16;14;1;0;0;0;0;0;25;35.06;12.55;269.5;0;-450;1078;4312;4851;5390;6468
188;PhiI lvey;153;-425;5825;15150;54;55;44;122;20;9;2;0;0;0;0;0;38.07;35.29;13.3;407.75;0;-425;1631;6524;7339.5;8155;9786
189;Sor13;153;-400;3900;11000;49;56;48;115;25;10;2;1;0;0;0;0;25.49;32.03;5.98;273;0;-400;1092;4368;4914;5460;6552
190;The kingO;153;100;7500;22150;54;55;44;111;24;14;3;1;0;0;0;0;49.02;35.29;1.56;525;0;100;2100;8400;9450;10500;12600
191;moka_prv;152;-375;7275;19850;55;56;41;115;22;13;2;0;0;0;0;0;47.86;36.18;9.05;509.25;0;-375;2037;8148;9166.5;10185;12222
192;BadButteur;152;-1150;5600;14150;42;63;47;117;27;8;0;0;0;0;0;0;36.84;27.63;15.77;392;0;-1150;1568;6272;7056;7840;9408
193;romanom37;151;-175;7275;19000;54;62;35;121;15;12;3;0;0;0;0;0;48.18;35.76;12.94;509.25;0;-175;2037;8148;9166.5;10185;12222
194;18alicia18;150;-275;5875;15550;55;43;52;116;20;14;0;0;0;0;0;0;39.17;36.67;11.77;411.25;0;-275;1645;6580;7402.5;8225;9870
195;Malhabah;149;-1725;5825;15800;39;35;75;110;29;8;2;0;0;0;0;0;39.09;26.17;9.59;407.75;0;-1725;1631;6524;7339.5;8155;9786
196;theos57100;148;-225;3875;10700;53;38;57;108;29;9;2;0;0;0;0;0;26.18;35.81;7.96;271.25;0;-225;1085;4340;4882.5;5425;6510
197;gogepok37;148;-750;3700;9400;44;56;48;117;22;9;0;0;0;0;0;0;25;29.73;15.32;259;0;-750;1036;4144;4662;5180;6216
198;Rv1401;147;-925;4925;13900;49;32;66;100;35;12;0;0;0;0;0;0;33.5;33.33;5.92;344.75;0;-925;1379;5516;6205.5;6895;8274
199;LexpressoMan;147;-675;3875;9850;52;39;56;116;20;11;0;0;0;0;0;0;26.36;35.37;15.27;271.25;0;-675;1085;4340;4882.5;5425;6510
200;freddoc70;147;-475;4275;11050;51;59;37;116;19;11;1;0;0;0;0;0;29.08;34.69;13.84;299.25;0;-475;1197;4788;5386.5;5985;7182
201;RunG00D4Ever;146;450;3650;9500;57;42;47;113;22;11;0;0;0;0;0;0;25;39.04;13.24;255.5;0;450;1022;4088;4599;5110;6132
202;gauchitogil;146;1900;7300;20100;61;44;41;112;24;7;2;1;0;0;0;0;50;41.78;8.22;511;0;1900;2044;8176;9198;10220;12264
203;FAIT TIREZ;146;-600;3650;9350;49;47;50;113;25;8;0;0;0;0;0;0;25;33.56;14.61;255.5;0;-600;1022;4088;4599;5110;6132
204;bylly93;145;-675;3725;9900;45;45;55;113;20;10;2;0;0;0;0;0;25.69;31.03;11.41;260.75;0;-675;1043;4172;4693.5;5215;6258
205;nanou.ska78;145;-150;4650;12300;50;30;65;111;21;13;0;0;0;0;0;0;32.07;34.48;11.83;325.5;0;-150;1302;5208;5859;6510;7812
206;gilodil14;145;0;3650;9650;58;49;38;113;19;12;1;0;0;0;0;0;25.17;40;11.87;255.5;0;0;1022;4088;4599;5110;6132
207;DesperHate;144;1300;7100;20200;62;40;42;102;26;15;1;0;0;0;0;0;49.31;43.06;5.16;497;0;1300;1988;7952;8946;9940;11928
208;tonyno gypsi;144;425;4075;10950;57;41;46;110;19;14;1;0;0;0;0;0;28.3;39.58;10.43;285.25;0;425;1141;4564;5134.5;5705;6846
209;lescure4ever;143;-475;3575;9850;51;45;47;111;21;8;2;1;0;0;0;0;25;35.66;8.16;250.25;0;-475;1001;4004;4504.5;5005;6006
210;Hommedpierre;140;300;3500;9600;52;28;60;107;21;11;0;1;0;0;0;0;25;37.14;8.57;245;0;300;980;3920;4410;4900;5880
211;Arthur4King;140;-400;3500;8650;51;49;40;120;9;10;1;0;0;0;0;0;25;36.43;17.62;245;0;-400;980;3920;4410;4900;5880
212;azerty7373;140;225;5025;14000;48;41;51;103;28;7;1;1;0;0;0;0;35.89;34.29;7.13;351.75;0;225;1407;5628;6331.5;7035;8442
213;Bigfish8z;139;-225;6025;16300;55;39;45;109;19;9;1;1;0;0;0;0;43.35;39.57;9.82;421.75;0;-225;1687;6748;7591.5;8435;10122
214;IshvJunklol;139;-575;3475;8600;48;66;25;117;13;8;1;0;0;0;0;0;25;34.53;17.51;243.25;0;-575;973;3892;4378.5;4865;5838
215;WSOPMONACO;139;-400;5000;13500;47;51;41;107;20;11;1;0;0;0;0;0;35.97;33.81;10;350;0;-400;1400;5600;6300;7000;8400
216;lokahi59;139;425;4925;13250;48;52;39;104;25;9;1;0;0;0;0;0;35.43;34.53;10.32;344.75;0;425;1379;5516;6205.5;6895;8274
217;Pelele64;139;500;3650;10800;59;40;40;99;22;15;2;1;0;0;0;0;26.26;42.45;1.37;255.5;0;500;1022;4088;4599;5110;6132
219;marcaurel79;138;-850;4350;12300;42;46;50;96;28;14;0;0;0;0;0;0;31.52;30.43;5.75;304.5;0;-850;1218;4872;5481;6090;7308
220;erwann35400;136;100;5450;14150;49;41;46;104;21;11;0;0;0;0;0;0;40.07;36.03;13.46;381.5;0;100;1526;6104;6867;7630;9156
221;TIAGO2205;136;-450;3750;9850;49;43;44;105;20;10;1;0;0;0;0;0;27.57;36.03;12.44;262.5;0;-450;1050;4200;4725;5250;6300
222;Plexi00;136;100;3400;9150;51;59;26;104;19;12;1;0;0;0;0;0;25;37.5;10.29;238;0;100;952;3808;4284;4760;5712
223;ljeff;135;-475;3475;8950;45;53;37;105;20;10;0;0;0;0;0;0;25.74;33.33;14.15;243.25;0;-475;973;3892;4378.5;4865;5838
224;Cop-y-33;135;-1425;5875;15750;40;42;53;104;19;11;1;0;0;0;0;0;43.52;29.63;10.64;411.25;0;-1425;1645;6580;7402.5;8225;9870
225;muso;135;-200;3450;8850;47;48;40;105;23;6;1;0;0;0;0;0;25.56;34.81;14.49;241.5;0;-200;966;3864;4347;4830;5796
226;chrismaboul;135;-1000;4800;13500;40;45;50;100;19;14;1;1;0;0;0;0;35.56;29.63;6.25;336;0;-1000;1344;5376;6048;6720;8064
227;Le TAAnKK;135;-300;3900;10700;44;48;43;98;24;12;1;0;0;0;0;0;28.89;32.59;8.55;273;0;-300;1092;4368;4914;5460;6552
228;CARAS;135;-675;3525;9200;44;48;43;102;23;10;0;0;0;0;0;0;26.11;32.59;13;246.75;0;-675;987;3948;4441.5;4935;5922
229;Shurky;135;175;3875;12050;37;64;34;98;21;13;2;0;1;0;0;0;28.7;27.41;-3.66;271.25;0;175;1085;4340;4882.5;5425;6510
230;Petti go;135;150;5150;14800;45;35;55;95;27;11;2;0;0;0;0;0;38.15;33.33;4.21;360.5;0;150;1442;5768;6489;7210;8652
231;Eden 62;134;-550;3850;9950;46;40;48;102;24;8;0;0;0;0;0;0;28.73;34.33;13.85;269.5;0;-550;1078;4312;4851;5390;6468
232;Gini2a;134;375;5275;13100;53;49;32;108;19;7;0;0;0;0;0;0;39.37;39.55;17.22;369.25;0;375;1477;5908;6646.5;7385;8862
233;Woodshipper1;133;-375;3325;9100;50;45;38;100;21;10;2;0;0;0;0;0;25;37.59;8.77;232.75;0;-375;931;3724;4189.5;4655;5586
234;hidjay;133;-325;3325;8700;46;38;49;100;25;8;0;0;0;0;0;0;25;34.59;12.78;232.75;0;-325;931;3724;4189.5;4655;5586
235;Papi-Maurice;133;-875;3525;9300;38;34;61;100;24;9;0;0;0;0;0;0;26.5;28.57;12.06;246.75;0;-875;987;3948;4441.5;4935;5922
236;skima37;133;-175;3625;9200;48;38;47;106;18;8;1;0;0;0;0;0;27.26;36.09;15.4;253.75;0;-175;1015;4060;4567.5;5075;6090
237;Etnies;132;400;3300;8900;46;56;30;106;17;6;2;1;0;0;0;0;25;34.85;10.1;231;0;400;924;3696;4158;4620;5544
238;fisherman97;132;300;4850;13750;48;42;42;95;18;18;1;0;0;0;0;0;36.74;36.36;5.5;339.5;0;300;1358;5432;6111;6790;8148
239;M4d H4tt3r;131;225;3275;9000;50;40;41;94;25;12;0;0;0;0;0;0;25;38.17;8.4;229.25;0;225;917;3668;4126.5;4585;5502
240;Peecksick;131;125;4275;12050;44;46;41;98;21;9;3;0;0;0;0;0;32.63;33.59;6.04;299.25;0;125;1197;4788;5386.5;5985;7182
241;maxoumimizan;131;-150;3300;8650;49;36;46;99;23;9;0;0;0;0;0;0;25.19;37.4;12.63;231;0;-150;924;3696;4158;4620;5544
242;ChibreAcier7;131;1325;6325;18650;52;41;38;95;14;19;3;0;0;0;0;0;48.28;39.69;1.71;442.75;0;1325;1771;7084;7969.5;8855;10626
243;ruppson75;130;-100;3750;9650;42;43;45;104;14;12;0;0;0;0;0;0;28.85;32.31;14.22;262.5;0;-100;1050;4200;4725;5250;6300
244;AbbAu;130;-550;3950;10900;41;44;45;101;14;13;2;0;0;0;0;0;30.38;31.54;8.02;276.5;0;-550;1106;4424;4977;5530;6636
245;huit-et-six;130;650;4250;12250;40;47;43;99;20;9;1;1;0;0;0;0;32.69;30.77;3.92;297.5;0;650;1190;4760;5355;5950;7140
246;ValueDark;129;-350;3550;9500;43;31;55;91;30;8;0;0;0;0;0;0;27.52;33.33;10.8;248.5;0;-350;994;3976;4473;4970;5964
247;Paire-severe;129;525;4975;13500;50;44;35;91;31;6;1;0;0;0;0;0;38.57;38.76;9.55;348.25;0;525;1393;5572;6268.5;6965;8358
248;WERZOU;128;-225;4425;11650;44;37;47;98;23;7;0;0;0;0;0;0;34.57;34.38;12.24;309.75;0;-225;1239;4956;5575.5;6195;7434
249;lavinia83;128;-650;3350;8700;33;53;42;100;17;11;0;0;0;0;0;0;26.17;25.78;13.43;234.5;0;-650;938;3752;4221;4690;5628
250;lafrappe42;128;0;3800;10600;45;34;49;94;20;11;3;0;0;0;0;0;29.69;35.16;7.02;266;0;0;1064;4256;4788;5320;6384
251;Micky 187;127;-75;3175;8900;44;46;37;94;19;12;2;0;0;0;0;0;25;34.65;6.56;222.25;0;-75;889;3556;4000.5;4445;5334
252;mattl_63;126;-400;3150;8200;40;32;54;99;18;8;1;0;0;0;0;0;25;31.75;13.23;220.5;0;-400;882;3528;3969;4410;5292
253;GOODANALIZ;126;-125;3525;10250;47;40;39;92;18;13;3;0;0;0;0;0;27.98;37.3;3.07;246.75;0;-125;987;3948;4441.5;4935;5922
254;bebert1215;126;0;3350;8800;49;40;37;100;15;10;1;0;0;0;0;0;26.59;38.89;12.44;234.5;0;0;938;3752;4221;4690;5628
255;Ozeiil;126;525;4425;11550;59;36;31;96;19;11;0;0;0;0;0;0;35.12;46.83;12.99;309.75;0;525;1239;4956;5575.5;6195;7434
256;Needle Sting;126;-400;3150;9450;37;45;44;88;19;16;3;0;0;0;0;0;25;29.37;0;220.5;0;-400;882;3528;3969;4410;5292
257;FSLT83;126;525;3875;10850;49;42;35;87;29;10;0;0;0;0;0;0;30.75;38.89;6.67;271.25;0;525;1085;4340;4882.5;5425;6510
258;Titiak;124;-600;3350;8650;41;47;36;95;20;9;0;0;0;0;0;0;27.02;33.06;13.93;234.5;0;-600;938;3752;4221;4690;5628
259;pablo8413;124;-550;3100;7950;44;44;36;99;17;7;1;0;0;0;0;0;25;35.48;14.52;217;0;-550;868;3472;3906;4340;5208
260;Donaldinho08;124;-925;3775;10000;37;60;27;95;23;4;2;0;0;0;0;0;30.44;29.84;11.7;264.25;0;-925;1057;4228;4756.5;5285;6342
261;Winaarien69;124;-325;3125;8000;43;48;33;95;25;3;1;0;0;0;0;0;25.2;34.68;14.67;218.75;0;-325;875;3500;3937.5;4375;5250
262;brandagoal38;124;1325;3325;11250;39;41;44;97;14;12;0;0;1;0;0;0;26.81;31.45;-12.78;232.75;0;1325;931;3724;4189.5;4655;5586
263;luish_f;124;-350;4050;10250;41;41;42;97;19;8;0;0;0;0;0;0;32.66;33.06;15.64;283.5;0;-350;1134;4536;5103;5670;6804
264;SEGOMAN;124;-550;3350;10150;39;32;53;87;30;6;0;0;1;0;0;0;27.02;31.45;-1;234.5;0;-550;938;3752;4221;4690;5628
265;La ducale;123;-150;4050;10650;49;40;34;94;18;10;1;0;0;0;0;0;32.93;39.84;12.35;283.5;0;-150;1134;4536;5103;5670;6804
266;Orion expres;123;-925;5575;14300;43;41;39;97;15;11;0;0;0;0;0;0;45.33;34.96;14.5;390.25;0;-925;1561;6244;7024.5;7805;9366
267;cAAlimero;123;-1075;3875;9650;39;41;43;97;20;6;0;0;0;0;0;0;31.5;31.71;16.99;271.25;0;-1075;1085;4340;4882.5;5425;6510
268;Nioum69;123;-600;3150;9100;36;49;38;85;24;13;1;0;0;0;0;0;25.61;29.27;3.7;220.5;0;-600;882;3528;3969;4410;5292
269;Super Red;123;75;3575;9600;49;39;35;90;25;8;0;0;0;0;0;0;29.07;39.84;10.49;250.25;0;75;1001;4004;4504.5;5005;6006
270;Sir Pkr;122;-25;3225;8600;48;35;39;93;21;6;2;0;0;0;0;0;26.43;39.34;11.11;225.75;0;-25;903;3612;4063.5;4515;5418
271;scalp95;122;-200;3150;8500;45;44;33;90;23;9;0;0;0;0;0;0;25.82;36.89;10.05;220.5;0;-200;882;3528;3969;4410;5292
272;f.dup44;122;50;3200;8650;41;41;40;96;16;7;3;0;0;0;0;0;26.23;33.61;9.9;224;0;50;896;3584;4032;4480;5376
273;Owned69_x;121;-525;3025;8100;39;46;36;89;25;6;1;0;0;0;0;0;25;32.23;10.74;211.75;0;-525;847;3388;3811.5;4235;5082
274;bastos1717;121;-300;3050;8000;41;43;37;92;20;9;0;0;0;0;0;0;25.21;33.88;12.57;213.5;0;-300;854;3416;3843;4270;5124
275;DANARY;120;-175;3075;8150;41;26;53;91;19;10;0;0;0;0;0;0;25.62;34.17;11.65;215.25;0;-175;861;3444;3874.5;4305;5166
276;la_pin_ce;120;-500;3000;7650;41;43;36;95;17;8;0;0;0;0;0;0;25;34.17;15;210;0;-500;840;3360;3780;4200;5040
277;Allzap;120;-575;3175;8550;32;37;51;89;23;6;2;0;0;0;0;0;26.46;26.67;10.24;222.25;0;-575;889;3556;4000.5;4445;5334
278;MapyPorrins;120;1400;6000;18700;50;33;37;82;24;9;4;1;0;0;0;0;50;41.67;-3.89;420;0;1400;1680;6720;7560;8400;10080
279;GameOfBluff;120;1900;6000;18700;43;31;46;89;21;7;2;0;1;0;0;0;50;35.83;-3.89;420;0;1900;1680;6720;7560;8400;10080
280;cucu13;120;-150;3850;10300;44;35;41;90;19;9;2;0;0;0;0;0;32.08;36.67;10.82;269.5;0;-150;1078;4312;4851;5390;6468
281;zegnial;120;-1100;3900;10400;36;36;48;93;22;4;0;1;0;0;0;0;32.5;30;11.11;273;0;-1100;1092;4368;4914;5460;6552
282;canaille3869;119;-225;2975;8300;38;33;48;87;19;12;1;0;0;0;0;0;25;31.93;7;208.25;0;-225;833;3332;3748.5;4165;4998
283;Full1977;119;25;2975;7850;46;36;37;93;18;6;2;0;0;0;0;0;25;38.66;12.04;208.25;0;25;833;3332;3748.5;4165;4998
284;vimaak;119;700;3100;8550;47;24;48;91;18;6;4;0;0;0;0;0;26.05;39.5;8.06;217;0;700;868;3472;3906;4340;5208
285;newintown;119;850;3350;9800;47;38;34;77;32;8;2;0;0;0;0;0;28.15;39.5;2.49;234.5;0;850;938;3752;4221;4690;5628
286;damdam113;118;25;3075;12650;46;34;38;94;15;8;0;0;0;1;0;0;26.06;38.98;-37.13;215.25;0;25;861;3444;3874.5;4305;5166
287;Lemagicienn;117;-475;5075;13550;39;36;42;94;14;7;1;1;0;0;0;0;43.38;33.33;11;355.25;0;-475;1421;5684;6394.5;7105;8526
288;Waddle du 13;117;-125;2925;7600;42;30;45;89;21;7;0;0;0;0;0;0;25;35.9;13.39;204.75;0;-125;819;3276;3685.5;4095;4914
289;Size7;117;-725;5675;16750;35;39;43;78;25;13;1;0;0;0;0;0;48.5;29.91;1.62;397.25;0;-725;1589;6356;7150.5;7945;9534
290;CandC36;117;-375;3775;10800;38;43;36;83;20;13;1;0;0;0;0;0;32.26;32.48;4.64;264.25;0;-375;1057;4228;4756.5;5285;6342
291;XENANAS;117;475;5525;15350;43;40;34;84;24;7;2;0;0;0;0;0;47.22;36.75;7.39;386.75;0;475;1547;6188;6961.5;7735;9282
292;Hk211;116;-50;3600;12400;37;25;54;91;13;9;2;0;1;0;0;0;31.03;31.9;-14.81;252;0;-50;1008;4032;4536;5040;6048
293;Ginna Soul;116;50;3100;8400;45;27;44;88;15;13;0;0;0;0;0;0;26.72;38.79;9.68;217;0;50;868;3472;3906;4340;5208
294;stakaws;116;675;2975;8600;47;40;29;81;21;12;2;0;0;0;0;0;25.65;40.52;3.64;208.25;0;675;833;3332;3748.5;4165;4998
295;gueulderak;116;-700;3900;10100;38;45;33;86;24;5;1;0;0;0;0;0;33.62;32.76;13.68;273;0;-700;1092;4368;4914;5460;6552
296;LoveMc2;115;-25;3375;9200;41;42;32;86;21;6;2;0;0;0;0;0;29.35;35.65;9.14;236.25;0;-25;945;3780;4252.5;4725;5670
297;Open master;115;-425;2875;7300;40;32;43;92;15;8;0;0;0;0;0;0;25;34.78;15.36;201.25;0;-425;805;3220;3622.5;4025;4830
298;habib1342;114;-175;3125;8450;44;31;39;86;19;7;2;0;0;0;0;0;27.41;38.6;9.87;218.75;0;-175;875;3500;3937.5;4375;5250
299;pollo401;114;-1075;4725;12650;36;34;44;86;21;6;1;0;0;0;0;0;41.45;31.58;10.76;330.75;0;-1075;1323;5292;5953.5;6615;7938
300;cpenible;114;-1050;5250;13600;36;32;46;93;16;4;0;1;0;0;0;0;46.05;31.58;13.65;367.5;0;-1050;1470;5880;6615;7350;8820
301;dgeo51;114;875;2875;8300;49;31;34;86;12;15;0;1;0;0;0;0;25.22;42.98;3.77;201.25;0;875;805;3220;3622.5;4025;4830
302;Shanis;113;-275;3125;8350;41;34;38;85;18;10;0;0;0;0;0;0;27.65;36.28;10.93;218.75;0;-275;875;3500;3937.5;4375;5250
303;KroKo_Deal;113;-525;4075;10350;43;35;35;89;17;6;1;0;0;0;0;0;36.06;38.05;15.34;285.25;0;-525;1141;4564;5134.5;5705;6846
304;squali44;113;750;5650;15300;44;42;27;84;18;11;0;0;0;0;0;0;50;38.94;9.73;395.5;0;750;1582;6328;7119;7910;9492
305;LernMepoker;112;675;2825;7700;49;29;34;82;19;11;0;0;0;0;0;0;25.22;43.75;9.14;197.75;0;675;791;3164;3559.5;3955;4746
306;PENICILLINE;112;150;2800;7450;44;34;34;86;17;8;1;0;0;0;0;0;25;39.29;11.31;196;0;150;784;3136;3528;3920;4704
307;_KirbystacK_;112;-850;3250;8450;32;44;36;85;22;5;0;0;0;0;0;0;29.02;28.57;13.33;227.5;0;-850;910;3640;4095;4550;5460
308;Y.FiShErMaN;112;-225;3275;9050;39;37;36;86;13;13;0;0;0;0;0;0;29.24;34.82;7.89;229.25;0;-225;917;3668;4126.5;4585;5502
309;Sandyge83;111;-550;2850;7200;36;42;33;89;17;4;1;0;0;0;0;0;25.68;32.43;15.79;199.5;0;-550;798;3192;3591;3990;4788
310;AdriPerrine;111;50;3000;7700;40;49;22;88;18;4;1;0;0;0;0;0;27.03;36.04;14.44;210;0;50;840;3360;3780;4200;5040
311;-touco-;111;-375;2825;7500;35;40;36;84;20;6;1;0;0;0;0;0;25.45;31.53;11.5;197.75;0;-375;791;3164;3559.5;3955;4746
312;jemsc;111;-675;2925;7550;34;41;36;87;17;6;1;0;0;0;0;0;26.35;30.63;13.96;204.75;0;-675;819;3276;3685.5;4095;4914
313;bapt01;110;625;3925;11300;44;28;38;75;23;12;0;0;0;0;0;0;35.68;40;4.03;274.75;0;625;1099;4396;4945.5;5495;6594
314;fishofilo;110;50;3050;7750;42;31;37;85;19;6;0;0;0;0;0;0;27.73;38.18;15.3;213.5;0;50;854;3416;3843;4270;5124
315;ALPGORT;110;-125;2775;6900;44;40;26;89;15;6;0;0;0;0;0;0;25.23;40;17.12;194.25;0;-125;777;3108;3496.5;3885;4662
316;ALLIN_BABA;110;-600;4350;11500;36;40;34;83;22;4;1;0;0;0;0;0;39.55;32.73;11.88;304.5;0;-600;1218;4872;5481;6090;7308
317;AMSTEPH;110;575;2825;7300;50;27;33;88;15;5;2;0;0;0;0;0;25.68;45.45;13.86;197.75;0;575;791;3164;3559.5;3955;4746
318;SystemMaster;108;450;2700;7200;46;27;35;80;20;8;0;0;0;0;0;0;25;42.59;11.11;189;0;450;756;3024;3402;3780;4536
319;alban75;108;-750;3300;8300;31;35;42;83;19;6;0;0;0;0;0;0;30.56;28.7;16.16;231;0;-750;924;3696;4158;4620;5544
320;Janemba60;108;-300;2800;7000;37;38;33;88;13;7;0;0;0;0;0;0;25.93;34.26;16.67;196;0;-300;784;3136;3528;3920;4704
321;TIMES SQUARE;108;-425;3625;9200;33;30;45;82;19;7;0;0;0;0;0;0;33.56;30.56;15.4;253.75;0;-425;1015;4060;4567.5;5075;6090
322;Beugoss;108;-125;3175;8600;40;34;34;79;22;6;1;0;0;0;0;0;29.4;37.04;9.71;222.25;0;-125;889;3556;4000.5;4445;5334
323;pinda;107;-175;2775;8500;37;34;36;80;18;8;0;0;1;0;0;0;25.93;34.58;-2.1;194.25;0;-175;777;3108;3496.5;3885;4662
324;P.Ivey91;107;-175;2675;6850;41;33;33;83;18;6;0;0;0;0;0;0;25;38.32;14.64;187.25;0;-175;749;2996;3370.5;3745;4494
325;5AppY;107;125;2725;7100;44;36;27;81;19;7;0;0;0;0;0;0;25.47;41.12;13.15;190.75;0;125;763;3052;3433.5;3815;4578
326;mandyy13;107;225;3025;8600;39;41;27;74;23;8;2;0;0;0;0;0;28.27;36.45;5.23;211.75;0;225;847;3388;3811.5;4235;5082
327;cyr25000;107;-225;3075;7500;43;19;45;86;18;2;1;0;0;0;0;0;28.74;40.19;18.7;215.25;0;-225;861;3444;3874.5;4305;5166
328;narcisse86;107;-625;2675;6300;35;29;43;90;15;2;0;0;0;0;0;0;25;32.71;21.5;187.25;0;-625;749;2996;3370.5;3745;4494
329;Devil Fishs;106;-1100;4000;10400;30;46;30;84;16;4;2;0;0;0;0;0;37.74;28.3;13.33;280;0;-1100;1120;4480;5040;5600;6720
330;Tetoune31;106;-325;3075;8250;39;21;46;74;27;5;0;0;0;0;0;0;29.01;36.79;10.57;215.25;0;-325;861;3444;3874.5;4305;5166
331;unasmonfrere;105;-450;5250;12300;42;39;24;92;10;2;1;0;0;0;0;0;50;40;21.9;367.5;0;-450;1470;5880;6615;7350;8820
332;railegh;105;-75;3325;8150;42;34;29;89;10;5;1;0;0;0;0;0;31.67;40;18.3;232.75;0;-75;931;3724;4189.5;4655;5586
333;laviperedu13;105;-50;2800;6950;42;38;25;84;16;5;0;0;0;0;0;0;26.67;40;17.26;196;0;-50;784;3136;3528;3920;4704
334;AvIFFF;105;-1000;4550;11950;35;17;53;81;15;9;0;0;0;0;0;0;43.33;33.33;12.45;318.5;0;-1000;1274;5096;5733;6370;7644
335;Hole1nOne;105;-275;2625;7100;40;25;40;77;19;9;0;0;0;0;0;0;25;38.1;9.84;183.75;0;-275;735;2940;3307.5;3675;4410
336;TOELMADE;105;-1100;2950;8100;26;39;40;74;23;7;1;0;0;0;0;0;28.1;24.76;8.47;206.5;0;-1100;826;3304;3717;4130;4956
337;La socca;105;-525;2825;7600;30;37;38;79;17;8;1;0;0;0;0;0;26.9;28.57;10.32;197.75;0;-525;791;3164;3559.5;3955;4746
338;reconnexion;104;-150;3650;9200;39;30;35;82;17;5;0;0;0;0;0;0;35.1;37.5;15.98;255.5;0;-150;1022;4088;4599;5110;6132
339;lukyou34;104;250;4900;13650;38;32;34;76;18;8;2;0;0;0;0;0;47.12;36.54;7.14;343;0;250;1372;5488;6174;6860;8232
340;4-BetJam;104;100;2600;6950;40;34;30;76;21;7;0;0;0;0;0;0;25;38.46;10.9;182;0;100;728;2912;3276;3640;4368
341;elchapoguzma;104;525;3925;11950;41;25;38;65;25;13;1;0;0;0;0;0;37.74;39.42;-1.49;274.75;0;525;1099;4396;4945.5;5495;6594
342;NaicheZ;104;500;3250;8900;39;41;24;78;19;6;1;0;0;0;0;0;31.25;37.5;8.72;227.5;0;500;910;3640;4095;4550;5460
343;TTZ95;103;-600;2900;6950;31;33;39;84;16;3;0;0;0;0;0;0;28.16;30.1;20.11;203;0;-600;812;3248;3654;4060;4872
344;drake5;103;-175;3025;8100;37;26;40;78;18;7;0;0;0;0;0;0;29.37;35.92;10.74;211.75;0;-175;847;3388;3811.5;4235;5082
345;crobin94;103;550;2750;7200;44;32;27;79;18;5;1;0;0;0;0;0;26.7;42.72;12.73;192.5;0;550;770;3080;3465;3850;4620
346;fishe37270;103;-300;2950;7550;38;36;29;83;11;8;1;0;0;0;0;0;28.64;36.89;14.69;206.5;0;-300;826;3304;3717;4130;4956
347;benyv4501;103;-650;5150;13800;35;34;34;77;19;6;1;0;0;0;0;0;50;33.98;10.68;360.5;0;-650;1442;5768;6489;7210;8652
348;kris84;103;775;3225;9000;41;31;31;77;17;8;0;1;0;0;0;0;31.31;39.81;6.98;225.75;0;775;903;3612;4063.5;4515;5418
349;MAYFAIRW1K;103;625;5025;13900;42;28;33;77;15;9;2;0;0;0;0;0;48.79;40.78;7.79;351.75;0;625;1407;5628;6331.5;7035;8442
350;brubrupok;103;-525;3625;9400;35;25;43;79;15;9;0;0;0;0;0;0;35.19;33.98;13.56;253.75;0;-525;1015;4060;4567.5;5075;6090
351;Naruto29;102;-275;3725;10350;34;25;43;74;20;6;2;0;0;0;0;0;36.52;33.33;7.38;260.75;0;-275;1043;4172;4693.5;5215;6258
352;ludo35;102;-225;2775;6950;35;39;28;82;14;5;1;0;0;0;0;0;27.21;34.31;16.52;194.25;0;-225;777;3108;3496.5;3885;4662
353;CijeyIsBack;102;-50;2550;6350;39;36;27;85;9;8;0;0;0;0;0;0;25;38.24;16.99;178.5;0;-50;714;2856;3213;3570;4284
354;misticriver;102;1025;4025;10700;50;34;18;81;15;5;1;0;0;0;0;0;39.46;49.02;11.39;281.75;0;1025;1127;4508;5071.5;5635;6762
355;inyourface83;102;-275;3025;13000;25;44;33;79;15;6;0;1;0;1;0;0;29.66;24.51;-43.25;211.75;0;-275;847;3388;3811.5;4235;5082
356;BOUR GUIGNON;101;1300;4850;13000;47;25;29;77;16;7;1;0;0;0;0;0;48.02;46.53;10.65;339.5;0;1300;1358;5432;6111;6790;8148
357;diamondu74;100;350;2750;8900;43;30;27;71;17;10;1;0;1;0;0;0;27.5;43;-7.88;192.5;0;350;770;3080;3465;3850;4620
358;pasa61pasa;100;-1250;2800;7800;20;48;32;72;16;11;1;0;0;0;0;0;28;20;7.14;196;0;-1250;784;3136;3528;3920;4704
359;EB2A;100;125;4225;11550;38;30;32;68;27;5;0;0;0;0;0;0;42.25;38;8.88;295.75;0;125;1183;4732;5323.5;5915;7098
360;Machinedu06;100;-550;2800;7100;30;24;46;80;16;2;2;0;0;0;0;0;28;30;15.48;196;0;-550;784;3136;3528;3920;4704
361;Romu59119;100;100;2900;7850;35;32;33;76;15;7;2;0;0;0;0;0;29;35;9.77;203;0;100;812;3248;3654;4060;4872
362;panditueur;100;150;2500;6950;36;27;37;71;19;10;0;0;0;0;0;0;25;36;7.33;175;0;150;700;2800;3150;3500;4200
363;iaia;100;250;2500;7050;40;27;33;69;23;7;1;0;0;0;0;0;25;40;6;175;0;250;700;2800;3150;3500;4200
